>>>> 7JTKs   37    3    0    3  EEE
         1         1         7         1         7         0
         2         9        15         9        15         0
         3        27        33        27        33         0
   491.9   347.5   373.2   489.1   345.0   373.7   488.8   341.4   374.9   487.8
   338.3   372.9   487.6   334.7   374.1   489.0   331.7   372.3   488.5   328.0
   372.6   489.5   325.0   370.6   487.0   322.4   369.2   486.3   319.1   371.0
   485.1   315.8   369.8   483.0   312.9   371.2   482.3   309.2   370.2   479.1
   307.4   370.9   478.8   303.6   370.8   475.5   301.8   371.3   474.8   298.8
   373.5   476.4   295.9   371.6   475.1   292.3   371.8   478.8   291.2   371.8
   481.8   292.3   373.8   480.2   295.5   375.2   479.1   296.4   378.7   478.5
   300.1   379.2   478.5   301.9   382.5   475.3   303.9   383.2   476.1   307.5
   384.2   473.1   309.2   382.5   470.1   311.2   383.4   466.4   311.2   382.5
   464.0   314.0   381.6   460.3   314.6   380.7   459.8   316.5   377.4   456.9
   318.9   378.0   455.5   321.2   375.3   457.5   322.4   372.4   457.7   325.6
   370.3
>>>> 7JTKs    5
   1 =    2   3   3   1   2   3
   2 -    0   0   1   1
   3 -    4   5   2   2   3
   4 -    0   0   1   2
   5 -    0   0   1   3
>>>> 7JTKs    5
   1 =    2   3  37   1   1  37
   2 -    0   0  11   1   1  11
   3 -    4   5  26   1  12  37
   4 -    0   0  15   1  12  26
   5 -    0   0  11   1  27  37
-dssp     "LLEEELLLLEEEEELLLLLLLLLLLLLLEEELLLLLL
-sequence "IKQHSQQTVREQATQMARPGVLLDNDYDKEVTPGRYQ
-compnd   " MOLECULE: FLAGELLAR RADIAL SPOKE PROTEIN 1;                          "
-acc    1  s 358   131     491.900     347.500     373.200
-acc    2  s 359   142     489.100     345.000     373.700
-acc    3  s 360    47     488.800     341.400     374.900
-acc    4  s 361    58     487.800     338.300     372.900
-acc    5  s 362    63     487.600     334.700     374.100
-acc    6  s 363     9     489.000     331.700     372.300
-acc    7  s 364    30     488.500     328.000     372.600
-acc    8  s 365     1     489.500     325.000     370.600
-acc    9  s 366    37     487.000     322.400     369.200
-acc   10  s 367     4     486.300     319.100     371.000
-acc   11  s 368     5     485.100     315.800     369.800
-acc   12  s 369    15     483.000     312.900     371.200
-acc   13  s 370    25     482.300     309.200     370.200
-acc   14  s 371     2     479.100     307.400     370.900
-acc   15  s 372    21     478.800     303.600     370.800
-acc   16  s 373    22     475.500     301.800     371.300
-acc   17  s 374    78     474.800     298.800     373.500
-acc   18  s 375    26     476.400     295.900     371.600
-acc   19  s 376    64     475.100     292.300     371.800
-acc   20  s 377    29     478.800     291.200     371.800
-acc   21  s 378    19     481.800     292.300     373.800
-acc   22  s 379    20     480.200     295.500     375.200
-acc   23  s 380    49     479.100     296.400     378.700
-acc   24  s 381    64     478.500     300.100     379.200
-acc   25  s 382    48     478.500     301.900     382.500
-acc   26  s 383   130     475.300     303.900     383.200
-acc   27  s 384   182     476.100     307.500     384.200
-acc   28  s 385    64     473.100     309.200     382.500
-acc   29  s 386   102     470.100     311.200     383.400
-acc   30  s 387   136     466.400     311.200     382.500
-acc   31  s 388    37     464.000     314.000     381.600
-acc   32  s 389   110     460.300     314.600     380.700
-acc   33  s 390    36     459.800     316.500     377.400
-acc   34  s 391    54     456.900     318.900     378.000
-acc   35  s 392   234     455.500     321.200     375.300
-acc   36  s 393    25     457.500     322.400     372.400
-acc   37  s 394   176     457.700     325.600     370.300
