>>>> 7JTKe   34    2    2    0  HH
         1         2        15         2        15         0
         2        19        33        19        33         0
   472.1   288.1   372.4   474.7   285.6   371.0   474.6   283.6   374.2   470.7
   283.4   374.1   470.8   282.2   370.5   473.5   279.6   371.3   471.5   278.3
   374.2   468.3   277.7   372.1   470.3   276.2   369.1   472.5   273.9   371.2
   469.8   272.9   373.7   468.7   270.1   371.4   471.2   267.7   373.0   470.7
   269.0   376.6   466.8   269.4   376.4   465.9   265.9   375.4   468.6   263.2
   374.8   470.7   264.0   377.9   468.1   265.7   380.2   467.2   262.5   382.1
   470.7   261.1   381.6   472.5   264.1   383.1   470.2   264.1   386.2   470.6
   260.3   386.7   474.4   260.4   386.2   474.7   263.3   388.8   472.5   261.5
   391.3   474.4   258.3   390.9   477.7   260.1   391.6   476.3   261.5   394.9
   475.2   258.0   396.0   478.6   256.5   395.0   480.4   259.0   397.3   478.1
   257.7   400.2
>>>> 7JTKe    3
   1 =    2   3   2   1   2
   2 -    0   0   1   1
   3 -    0   0   1   2
>>>> 7JTKe    3
   1 =    2   3  34   1   1  34
   2 -    0   0  17   1   1  17
   3 -    0   0  17   1  18  34
-dssp     "LHHHHHHHHHHHHHHLLLHHHHHHHHHHHHHHHL
-sequence "XXXXXXXXXXXXXXXXXXXXXXXXXXXXXXXXXX
-compnd   " MOLECULE: FLAGELLAR RADIAL SPOKE PROTEIN 1;                          "
-acc    1  e   5    66     472.100     288.100     372.400
-acc    2  e   6    28     474.700     285.600     371.000
-acc    3  e   7    10     474.600     283.600     374.200
-acc    4  e   8    72     470.700     283.400     374.100
-acc    5  e   9    35     470.800     282.200     370.500
-acc    6  e  10     9     473.500     279.600     371.300
-acc    7  e  11    40     471.500     278.300     374.200
-acc    8  e  12    40     468.300     277.700     372.100
-acc    9  e  13    11     470.300     276.200     369.100
-acc   10  e  14    12     472.500     273.900     371.200
-acc   11  e  15    34     469.800     272.900     373.700
-acc   12  e  16     9     468.700     270.100     371.400
-acc   13  e  17     1     471.200     267.700     373.000
-acc   14  e  18    22     470.700     269.000     376.600
-acc   15  e  19    62     466.800     269.400     376.400
-acc   16  e  20    52     465.900     265.900     375.400
-acc   17  e  21    16     468.600     263.200     374.800
-acc   18  e  22     1     470.700     264.000     377.900
-acc   19  e  23    48     468.100     265.700     380.200
-acc   20  e  24    78     467.200     262.500     382.100
-acc   21  e  25    15     470.700     261.100     381.600
-acc   22  e  26    33     472.500     264.100     383.100
-acc   23  e  27    64     470.200     264.100     386.200
-acc   24  e  28    61     470.600     260.300     386.700
-acc   25  e  29    49     474.400     260.400     386.200
-acc   26  e  30    66     474.700     263.300     388.800
-acc   27  e  31    64     472.500     261.500     391.300
-acc   28  e  32    59     474.400     258.300     390.900
-acc   29  e  33    61     477.700     260.100     391.600
-acc   30  e  34    70     476.300     261.500     394.900
-acc   31  e  35    41     475.200     258.000     396.000
-acc   32  e  36    33     478.600     256.500     395.000
-acc   33  e  37    59     480.400     259.000     397.300
-acc   34  e  38    52     478.100     257.700     400.200
