>>>> 1ZFDA   32    1    1    0  H
         1        19        28        19        28         0
    -9.2   -13.4    -9.2    -8.8   -10.3    -6.9   -12.4    -9.2    -7.3   -11.2
    -5.9    -5.7    -8.2    -4.6    -7.6    -8.4    -0.8    -7.1    -6.7     1.1
    -9.9    -6.0     4.6    -8.5    -2.9     6.5    -9.8    -0.0     5.8    -7.3
    -1.7     2.7    -5.9    -0.0    -0.6    -5.1    -2.2    -2.7    -2.8    -4.5
    -5.5    -4.2    -7.4    -7.0    -2.3    -9.7   -10.0    -2.1   -12.4    -8.8
     0.2   -14.9    -6.0    -0.3   -14.7    -3.8     2.8   -11.0    -3.7     2.3
   -11.5    -1.9    -1.0   -13.8     0.5     0.8   -11.4     1.3     3.6    -8.6
     1.3     1.1   -10.2     3.5    -1.5   -11.1     6.2     1.0    -7.4     6.3
     1.7    -6.5     7.7    -1.7    -8.3    10.8    -0.4    -6.6    11.8     2.9
    -6.8    15.4     4.2    -4.4    18.3     3.6
>>>> 1ZFDA    1
   1 =    0   0   1   1
>>>> 1ZFDA    1
   1 =    0   0  32   1   1  32
-dssp     "LLLLLLLLLLLLLLLLLLHHHHHHHHHHLLLL
-sequence "DRPYSCDHPGCDKAFVRNHDLIRHKKSHQEKA
-compnd   " MOLECULE: SWI5;                                                      "
-acc    1  A  39   172      -9.200     -13.400      -9.200
-acc    2  A  40   201      -8.800     -10.300      -6.900
-acc    3  A  41    77     -12.400      -9.200      -7.300
-acc    4  A  42    74     -11.200      -5.900      -5.700
-acc    5  A  43    72      -8.200      -4.600      -7.600
-acc    6  A  44    24      -8.400      -0.800      -7.100
-acc    7  A  45   151      -6.700       1.100      -9.900
-acc    8  A  46    73      -6.000       4.600      -8.500
-acc    9  A  47   111      -2.900       6.500      -9.800
-acc   10  A  48    82      -0.000       5.800      -7.300
-acc   11  A  49    35      -1.700       2.700      -5.900
-acc   12  A  50   135      -0.000      -0.600      -5.100
-acc   13  A  51   109      -2.200      -2.700      -2.800
-acc   14  A  52    61      -4.500      -5.500      -4.200
-acc   15  A  53    33      -7.400      -7.000      -2.300
-acc   16  A  54   115      -9.700     -10.000      -2.100
-acc   17  A  55   182     -12.400      -8.800       0.200
-acc   18  A  56    95     -14.900      -6.000      -0.300
-acc   19  A  57    96     -14.700      -3.800       2.800
-acc   20  A  58    34     -11.000      -3.700       2.300
-acc   21  A  59    28     -11.500      -1.900      -1.000
-acc   22  A  60    87     -13.800       0.500       0.800
-acc   23  A  61   197     -11.400       1.300       3.600
-acc   24  A  62    11      -8.600       1.300       1.100
-acc   25  A  63   103     -10.200       3.500      -1.500
-acc   26  A  64    96     -11.100       6.200       1.000
-acc   27  A  65    46      -7.400       6.300       1.700
-acc   28  A  66    57      -6.500       7.700      -1.700
-acc   29  A  67   171      -8.300      10.800      -0.400
-acc   30  A  68   134      -6.600      11.800       2.900
-acc   31  A  69   176      -6.800      15.400       4.200
-acc   32  A  70   168      -4.400      18.300       3.600
