>>>> 1ZFOA   30    0    0    0
     3.5    11.0    -8.5     4.2     8.1    -6.0     1.5     5.5    -5.2    -0.4
     6.5    -2.0    -1.9     3.7     0.1    -5.5     2.9    -0.8    -6.3     2.8
     3.0    -4.1     5.1     5.2    -3.1     7.8     2.6     0.8     7.7     2.7
     3.2     6.8    -0.1     3.9     3.0    -0.4     7.7     2.8    -0.7     9.0
    -0.1    -2.9     9.9    -1.8     0.4     6.2    -2.4     1.3     4.3    -3.1
    -2.0     1.4    -5.0    -0.5    -0.4    -7.3    -2.9    -4.2    -6.8    -2.7
    -6.4    -6.9    -5.8    -4.7    -4.5    -8.1    -3.1    -1.7    -6.0    -0.8
    -0.7    -3.1    -1.3    -0.6     0.6     1.1    -1.1     3.6     1.5    -4.1
     6.0    -1.1    -3.1     8.6    -3.2    -1.2     5.9    -3.9    -4.4     3.7
>>>> 1ZFOA    1
   1 =    0   0   0
>>>> 1ZFOA    1
   1 =    0   0  30   1   1  30
-dssp     "LLLLLLLLLLLLLHHHLLLLLLLLLLHHHL
-sequence "MNPNCARCGKIVYPTEKVNCLDKFWHKACF
-compnd   " MOLECULE: LASP-1;                                                    "
-acc    1  A   1   235       3.500      11.000      -8.500
-acc    2  A   2   117       4.200       8.100      -6.000
-acc    3  A   3    49       1.500       5.500      -5.200
-acc    4  A   4   120      -0.400       6.500      -2.000
-acc    5  A   5     8      -1.900       3.700       0.100
-acc    6  A   6    50      -5.500       2.900      -0.800
-acc    7  A   7   216      -6.300       2.800       3.000
-acc    8  A   8    61      -4.100       5.100       5.200
-acc    9  A   9    37      -3.100       7.800       2.600
-acc   10  A  10   141       0.800       7.700       2.700
-acc   11  A  11    54       3.200       6.800      -0.100
-acc   12  A  12     2       3.900       3.000      -0.400
-acc   13  A  13   123       7.700       2.800      -0.700
-acc   14  A  14   106       9.000      -0.100      -2.900
-acc   15  A  15   139       9.900      -1.800       0.400
-acc   16  A  16    65       6.200      -2.400       1.300
-acc   17  A  17    95       4.300      -3.100      -2.000
-acc   18  A  18    42       1.400      -5.000      -0.500
-acc   19  A  19   161      -0.400      -7.300      -2.900
-acc   20  A  20    13      -4.200      -6.800      -2.700
-acc   21  A  21   209      -6.400      -6.900      -5.800
-acc   22  A  22   109      -4.700      -4.500      -8.100
-acc   23  A  23    88      -3.100      -1.700      -6.000
-acc   24  A  24    61      -0.800      -0.700      -3.100
-acc   25  A  25    40      -1.300      -0.600       0.600
-acc   26  A  26    19       1.100      -1.100       3.600
-acc   27  A  27   167       1.500      -4.100       6.000
-acc   28  A  28   103      -1.100      -3.100       8.600
-acc   29  A  29    22      -3.200      -1.200       5.900
-acc   30  A  30   161      -3.900      -4.400       3.700
