>>>> 5OPTq   38    0    0    0
   262.3   357.3   250.5   258.7   358.2   249.5   256.9   359.1   246.2   254.7
   361.9   245.1   252.7   360.4   242.2   251.7   357.4   244.3   251.7   357.1
   248.1   252.6   353.4   247.9   256.3   353.8   248.7   256.7   350.2   247.5
   256.8   348.8   243.9   260.1   350.8   243.7   260.8   354.5   243.5   263.0
   356.1   240.9   264.8   359.2   242.1   267.4   359.2   239.2   267.8   362.7
   237.7   265.1   364.1   240.0   262.0   362.4   238.7   259.6   359.6   239.7
   258.0   357.6   237.0   258.4   354.0   238.2   255.6   354.1   240.8   253.7
   354.7   237.6   255.7   352.9   235.0   257.1   355.1   232.3   256.1   352.7
   229.4   252.5   353.5   230.3   253.2   357.0   231.5   255.3   358.5   228.7
   255.4   362.0   227.1   258.4   362.9   229.1   260.2   363.3   225.7   262.2
   360.0   226.0   262.3   357.6   223.0   263.9   354.3   222.3   265.6   353.9
   218.9   268.6   351.9   220.1
>>>> 5OPTq    1
   1 =    0   0   0
>>>> 5OPTq    1
   1 =    0   0  38   1   1  38
-dssp     "LLLLLLLLLLLLLLLHHHLLLLLLLLLLLLLLLLLLLL
-sequence "RHCVICSNQKAVIRKYELNVCRQCFRENAANIGFSKLR
-compnd   " MOLECULE: ACTIVATED PROTEIN KINASE C RECEPTOR, PUTATIVE;             "
-acc    1  q  20   220     262.300     357.300     250.500
-acc    2  q  21   114     258.700     358.200     249.500
-acc    3  q  22     4     256.900     359.100     246.200
-acc    4  q  23    69     254.700     361.900     245.100
-acc    5  q  24    35     252.700     360.400     242.200
-acc    6  q  25    23     251.700     357.400     244.300
-acc    7  q  26    72     251.700     357.100     248.100
-acc    8  q  27   106     252.600     353.400     247.900
-acc    9  q  28   113     256.300     353.800     248.700
-acc   10  q  29   165     256.700     350.200     247.500
-acc   11  q  30    47     256.800     348.800     243.900
-acc   12  q  31    86     260.100     350.800     243.700
-acc   13  q  32    37     260.800     354.500     243.500
-acc   14  q  33    25     263.000     356.100     240.900
-acc   15  q  34    67     264.800     359.200     242.100
-acc   16  q  35   124     267.400     359.200     239.200
-acc   17  q  36    23     267.800     362.700     237.700
-acc   18  q  37   102     265.100     364.100     240.000
-acc   19  q  38    22     262.000     362.400     238.700
-acc   20  q  39    28     259.600     359.600     239.700
-acc   21  q  40     8     258.000     357.600     237.000
-acc   22  q  41    38     258.400     354.000     238.200
-acc   23  q  42    14     255.600     354.100     240.800
-acc   24  q  43    42     253.700     354.700     237.600
-acc   25  q  44    50     255.700     352.900     235.000
-acc   26  q  45     7     257.100     355.100     232.300
-acc   27  q  46    57     256.100     352.700     229.400
-acc   28  q  47   143     252.500     353.500     230.300
-acc   29  q  48    24     253.200     357.000     231.500
-acc   30  q  49    53     255.300     358.500     228.700
-acc   31  q  50    86     255.400     362.000     227.100
-acc   32  q  51    21     258.400     362.900     229.100
-acc   33  q  52    35     260.200     363.300     225.700
-acc   34  q  53    33     262.200     360.000     226.000
-acc   35  q  54    58     262.300     357.600     223.000
-acc   36  q  55    65     263.900     354.300     222.300
-acc   37  q  56   109     265.600     353.900     218.900
-acc   38  q  57   177     268.600     351.900     220.100
