>>>> 5OSGP   33    2    2    0  HH
         1         2        13         2        13         0
         2        19        27        19        27         0
    13.7   121.5    31.1    11.7   124.5    32.3     9.4   122.1    34.2    12.4
   120.4    35.7    13.9   123.6    37.0    10.4   124.7    38.3    10.4   121.5
    40.5    14.1   122.0    41.5    13.3   125.5    42.7    10.1   124.4    44.4
    11.4   121.3    46.2    14.4   123.3    47.6    12.3   126.4    48.4    10.4
   124.2    50.8    13.6   123.0    52.3    14.4   126.6    53.0    11.0   127.6
    54.4    11.0   124.5    56.6    14.2   122.6    57.2    16.6   125.6    57.3
    14.4   128.0    59.4    13.2   125.7    62.2    16.8   124.4    62.7    18.1
   128.1    62.8    15.6   128.8    65.6    17.2   126.1    67.7    20.8   127.1
    67.1    20.0   130.8    67.6    18.7   129.9    71.1    22.2   128.6    72.2
    23.8   132.0    71.7    21.6   133.7    74.3    21.4   130.5    76.5
>>>> 5OSGP    3
   1 =    2   3   2   1   2
   2 -    0   0   1   1
   3 -    0   0   1   2
>>>> 5OSGP    3
   1 =    2   3  33   1   1  33
   2 -    0   0  13   1   1  13
   3 -    0   0  20   1  14  33
-dssp     "LHHHHHHHHHHHHLLLLLHHHHHHHHHLLLLLL
-sequence "ASNRRALRQRDHSKKHTRKVHAQRAEVAAFQKK
-compnd   " MOLECULE: RNA BINDING PROTEIN, PUTATIVE;                             "
-acc    1  P 217   106      13.700     121.500      31.100
-acc    2  P 218    67      11.700     124.500      32.300
-acc    3  P 219   106       9.400     122.100      34.200
-acc    4  P 220   213      12.400     120.400      35.700
-acc    5  P 221   155      13.900     123.600      37.000
-acc    6  P 222    37      10.400     124.700      38.300
-acc    7  P 223    86      10.400     121.500      40.500
-acc    8  P 224   157      14.100     122.000      41.500
-acc    9  P 225   102      13.300     125.500      42.700
-acc   10  P 226   146      10.100     124.400      44.400
-acc   11  P 227    95      11.400     121.300      46.200
-acc   12  P 228   131      14.400     123.300      47.600
-acc   13  P 229    60      12.300     126.400      48.400
-acc   14  P 230   118      10.400     124.200      50.800
-acc   15  P 231    89      13.600     123.000      52.300
-acc   16  P 232    98      14.400     126.600      53.000
-acc   17  P 233    85      11.000     127.600      54.400
-acc   18  P 234   184      11.000     124.500      56.600
-acc   19  P 235   159      14.200     122.600      57.200
-acc   20  P 236    40      16.600     125.600      57.300
-acc   21  P 237    88      14.400     128.000      59.400
-acc   22  P 238    65      13.200     125.700      62.200
-acc   23  P 239    95      16.800     124.400      62.700
-acc   24  P 240    98      18.100     128.100      62.800
-acc   25  P 241    62      15.600     128.800      65.600
-acc   26  P 242   114      17.200     126.100      67.700
-acc   27  P 243     2      20.800     127.100      67.100
-acc   28  P 244    43      20.000     130.800      67.600
-acc   29  P 245    41      18.700     129.900      71.100
-acc   30  P 246    99      22.200     128.600      72.200
-acc   31  P 247   102      23.800     132.000      71.700
-acc   32  P 248   172      21.600     133.700      74.300
-acc   33  P 249   204      21.400     130.500      76.500
