>>>> 7YJ1E   38    2    2    0  HH
         1         2        10         2        10         0
         2        13        28        13        28         0
   140.8   166.2   176.6   143.1   164.7   179.2   140.4   162.2   180.3   139.9
   161.1   176.7   143.0   158.9   176.4   142.2   157.6   179.9   138.8   156.5
   178.6   140.5   155.0   175.5   142.6   152.8   177.7   139.4   151.8   179.5
   137.3   151.6   176.3   135.5   148.2   175.9   137.4   145.5   174.1   134.8
   144.8   171.5   134.9   148.4   170.2   138.6   148.4   169.5   138.1   145.2
   167.6   135.5   146.9   165.3   137.9   149.9   165.0   140.7   147.6   163.9
   138.4   145.8   161.4   137.5   149.2   159.9   141.2   150.2   159.7   141.9
   147.0   157.8   138.9   147.6   155.5   140.3   151.1   154.7   143.6   149.5
   153.7   142.0   146.7   151.7   140.0   149.0   149.5   142.9   151.4   149.1
   144.9   148.9   147.1   142.4   147.8   144.5   142.0   148.2   140.7   138.9
   149.5   138.9   137.2   146.6   137.0   134.1   147.9   135.2   130.9   146.0
   136.2   130.3   144.0   133.0
>>>> 7YJ1E    3
   1 =    2   3   2   1   2
   2 -    0   0   1   1
   3 -    0   0   1   2
>>>> 7YJ1E    3
   1 =    2   3  38   1   1  38
   2 -    0   0  11   1   1  11
   3 -    0   0  27   1  12  38
-dssp     "LHHHHHHHHHLLHHHHHHHHHHHHHHHHLLLLLLLLLL
-sequence "LVEMVQALYEAPAYHLILEGILILWIIRLLFSKTYKLQ
-compnd   " MOLECULE: SERINE PALMITOYLTRANSFERASE 2;                             "
-acc    1  E  10   110     140.800     166.200     176.600
-acc    2  E  11    89     143.100     164.700     179.200
-acc    3  E  12    62     140.400     162.200     180.300
-acc    4  E  13     8     139.900     161.100     176.700
-acc    5  E  14    92     143.000     158.900     176.400
-acc    6  E  15   125     142.200     157.600     179.900
-acc    7  E  16    18     138.800     156.500     178.600
-acc    8  E  17    64     140.500     155.000     175.500
-acc    9  E  18   197     142.600     152.800     177.700
-acc   10  E  19   154     139.400     151.800     179.500
-acc   11  E  20    16     137.300     151.600     176.300
-acc   12  E  21    27     135.500     148.200     175.900
-acc   13  E  22    82     137.400     145.500     174.100
-acc   14  E  23   123     134.800     144.800     171.500
-acc   15  E  24     4     134.900     148.400     170.200
-acc   16  E  25    77     138.600     148.400     169.500
-acc   17  E  26   113     138.100     145.200     167.600
-acc   18  E  27    39     135.500     146.900     165.300
-acc   19  E  28    25     137.900     149.900     165.000
-acc   20  E  29    33     140.700     147.600     163.900
-acc   21  E  30    98     138.400     145.800     161.400
-acc   22  E  31     8     137.500     149.200     159.900
-acc   23  E  32    92     141.200     150.200     159.700
-acc   24  E  33   123     141.900     147.000     157.800
-acc   25  E  34    78     138.900     147.600     155.500
-acc   26  E  35    26     140.300     151.100     154.700
-acc   27  E  36    87     143.600     149.500     153.700
-acc   28  E  37   132     142.000     146.700     151.700
-acc   29  E  38     6     140.000     149.000     149.500
-acc   30  E  39    73     142.900     151.400     149.100
-acc   31  E  40   162     144.900     148.900     147.100
-acc   32  E  41    28     142.400     147.800     144.500
-acc   33  E  42   162     142.000     148.200     140.700
-acc   34  E  43    61     138.900     149.500     138.900
-acc   35  E  44   124     137.200     146.600     137.000
-acc   36  E  45   112     134.100     147.900     135.200
-acc   37  E  46    81     130.900     146.000     136.200
-acc   38  E  47   138     130.300     144.000     133.000
