>>>> 3ZNFA   30    1    1    0  H
         1        15        23        15        23         0
     9.1     6.3    -2.9     7.3     4.9    -6.0     5.1     3.0    -3.4     3.1
     5.2    -1.1    -0.3     4.1     0.4    -3.5     5.6    -1.1    -4.2     7.1
     2.3    -1.6     6.6     5.0     2.0     7.4     4.4     3.2     3.8     4.6
     5.9     3.8     2.0     6.7     0.3     0.9     9.5    -1.0    -1.4     7.6
    -3.0    -4.1     4.1    -3.6    -5.5     3.9    -6.9    -3.7     4.2    -5.2
    -0.3     2.1    -2.1    -1.1    -0.5    -4.6    -2.4    -0.4    -6.4     1.0
    -1.6    -3.1     2.5    -4.4    -2.5     0.0    -5.1    -6.3     0.4    -6.0
    -6.3     4.1    -9.1    -4.4     5.1    -6.9    -1.3     5.4    -8.8     1.2
     3.3    -8.7     1.1    -0.5   -11.5    -1.0    -1.9   -11.8     1.5    -4.7
>>>> 3ZNFA    1
   1 =    0   0   1   1
>>>> 3ZNFA    1
   1 =    0   0  30   1   1  30
-dssp     "LLLLLLLLLLLLLLHHHHHHHHHLLLLLLL
-sequence "RPYHCSYCNFSFKTKGNLTKHMKSKAHSKK
-compnd   " MOLECULE: ZINC FINGER;                                               "
-acc    1  A   1   254       9.100       6.300      -2.900
-acc    2  A   2   117       7.300       4.900      -6.000
-acc    3  A   3    72       5.100       3.000      -3.400
-acc    4  A   4    71       3.100       5.200      -1.100
-acc    5  A   5    12      -0.300       4.100       0.400
-acc    6  A   6    78      -3.500       5.600      -1.100
-acc    7  A   7   140      -4.200       7.100       2.300
-acc    8  A   8    60      -1.600       6.600       5.000
-acc    9  A   9   126       2.000       7.400       4.400
-acc   10  A  10   125       3.200       3.800       4.600
-acc   11  A  11    38       5.900       3.800       2.000
-acc   12  A  12    31       6.700       0.300       0.900
-acc   13  A  13   162       9.500      -1.000      -1.400
-acc   14  A  14    83       7.600      -3.000      -4.100
-acc   15  A  15   143       4.100      -3.600      -5.500
-acc   16  A  16    53       3.900      -6.900      -3.700
-acc   17  A  17    92       4.200      -5.200      -0.300
-acc   18  A  18    39       2.100      -2.100      -1.100
-acc   19  A  19    70      -0.500      -4.600      -2.400
-acc   20  A  20   161      -0.400      -6.400       1.000
-acc   21  A  21    37      -1.600      -3.100       2.500
-acc   22  A  22    34      -4.400      -2.500       0.000
-acc   23  A  23   162      -5.100      -6.300       0.400
-acc   24  A  24    84      -6.000      -6.300       4.100
-acc   25  A  25   193      -9.100      -4.400       5.100
-acc   26  A  26    37      -6.900      -1.300       5.400
-acc   27  A  27    74      -8.800       1.200       3.300
-acc   28  A  28    20      -8.700       1.100      -0.500
-acc   29  A  29   194     -11.500      -1.000      -1.900
-acc   30  A  30   256     -11.800       1.500      -4.700
