>>>> 5ZNFA   30    3    1    2  EEH
         1         1         6         1         6         0
         2         9        14         9        14         0
         3        15        25        15        25         0
    -7.4    -5.3    12.2    -6.5    -2.8     9.5    -3.1    -1.9     8.0    -2.0
     1.6     6.7     0.4     2.9     4.0     3.2     5.2     5.2     3.7     7.0
     1.8     0.1     8.2     1.2    -3.1     7.6     3.0    -4.6     4.3     1.7
    -5.6     1.5     4.2    -6.3    -2.3     3.8    -8.2    -5.2     5.3    -5.7
    -7.9     4.2    -2.0    -6.9     4.4    -1.4    -8.3     0.9    -3.8    -5.7
    -0.6    -1.7    -3.0     1.1     1.6    -4.5    -0.2     0.2    -4.6    -3.7
    -1.1    -1.0    -3.4     2.5     0.4    -2.5     3.9    -1.9    -5.2     1.6
    -0.3    -7.9     1.4     3.2    -6.4     4.8     4.0    -4.9     7.6     1.3
    -5.1     9.0     2.5    -8.4     6.7     1.4   -11.3     8.3     3.9   -13.8
>>>> 5ZNFA    3
   1 =    2   3   3   1   2   3
   2 -    0   0   2   1   2
   3 -    0   0   1   3
>>>> 5ZNFA    3
   1 =    2   3  30   1   1  30
   2 -    0   0  18   1   1  18
   3 -    0   0  12   1  19  30
-dssp     "LLEELLLLLLEELLHHHHHHHHHHHLLLLL
-sequence "KTYQCQYCEYRSADSSNLKTHIKTKHSKEK
-compnd   " MOLECULE: ZINC FINGER;                                               "
-acc    1  A   1   214      -7.400      -5.300      12.200
-acc    2  A   2   109      -6.500      -2.800       9.500
-acc    3  A   3    93      -3.100      -1.900       8.000
-acc    4  A   4    77      -2.000       1.600       6.700
-acc    5  A   5     4       0.400       2.900       4.000
-acc    6  A   6   143       3.200       5.200       5.200
-acc    7  A   7   129       3.700       7.000       1.800
-acc    8  A   8    54       0.100       8.200       1.200
-acc    9  A   9   129      -3.100       7.600       3.000
-acc   10  A  10    86      -4.600       4.300       1.700
-acc   11  A  11   124      -5.600       1.500       4.200
-acc   12  A  12     7      -6.300      -2.300       3.800
-acc   13  A  13    71      -8.200      -5.200       5.300
-acc   14  A  14    88      -5.700      -7.900       4.200
-acc   15  A  15    60      -2.000      -6.900       4.400
-acc   16  A  16    61      -1.400      -8.300       0.900
-acc   17  A  17    83      -3.800      -5.700      -0.600
-acc   18  A  18    32      -1.700      -3.000       1.100
-acc   19  A  19   149       1.600      -4.500      -0.200
-acc   20  A  20    91       0.200      -4.600      -3.700
-acc   21  A  21    23      -1.100      -1.000      -3.400
-acc   22  A  22    27       2.500       0.400      -2.500
-acc   23  A  23   124       3.900      -1.900      -5.200
-acc   24  A  24    98       1.600      -0.300      -7.900
-acc   25  A  25   116       1.400       3.200      -6.400
-acc   26  A  26    49       4.800       4.000      -4.900
-acc   27  A  27    47       7.600       1.300      -5.100
-acc   28  A  28   181       9.000       2.500      -8.400
-acc   29  A  29    86       6.700       1.400     -11.300
-acc   30  A  30   221       8.300       3.900     -13.800
