>>>> 8XKVN   37    1    1    0  H
         1        23        32        23        32         0
   198.6   260.8   143.5   200.1   262.9   146.3   202.7   260.3   147.3   203.0
   259.2   143.7   205.7   261.8   143.0   208.0   259.5   145.0   206.2   256.2
   144.3   207.4   256.4   140.6   210.9   256.2   142.1   209.8   253.8   144.8
   208.4   251.2   142.4   212.0   250.1   141.8   211.8   246.8   143.7   212.6
   247.3   147.4   215.7   249.4   147.6   215.2   250.8   151.1   214.9   247.4
   152.5   218.4   246.0   152.1   220.4   249.1   153.0   221.7   248.9   156.6
   225.4   248.7   155.9   228.0   251.1   154.6   230.2   250.3   151.6   233.3
   249.6   153.6   231.5   247.1   155.9   230.2   245.3   152.8   233.7   245.1
   151.3   235.1   243.9   154.6   232.5   241.2   154.9   233.0   240.3   151.2
   236.7   239.7   151.6   236.0   237.7   154.8   233.8   235.1   153.0   235.3
   232.0   151.4   237.7   232.2   148.4   235.6   230.0   146.1   234.6   232.7
   143.7
>>>> 8XKVN    1
   1 =    0   0   1   1
>>>> 8XKVN    1
   1 =    0   0  37   1   1  37
-dssp     "LLLHHHHLLLLLLLLLLLLLLLHHHHHHHHHHLLLLL
-sequence "XXVXXXLLNXVFXXXXLXHGRXXQXXXXLYNLMXXFX
-compnd   " MOLECULE: PROBABLE INACTIVE ATP-DEPENDENT ZINC METALLOPROTE          "
-acc    1  N   4   129     198.600     260.800     143.500
-acc    2  N   5    97     200.100     262.900     146.300
-acc    3  N   6    68     202.700     260.300     147.300
-acc    4  N   7    16     203.000     259.200     143.700
-acc    5  N   8    75     205.700     261.800     143.000
-acc    6  N   9    18     208.000     259.500     145.000
-acc    7  N  10    34     206.200     256.200     144.300
-acc    8  N  11    44     207.400     256.400     140.600
-acc    9  N  12    57     210.900     256.200     142.100
-acc   10  N  13    11     209.800     253.800     144.800
-acc   11  N  14    27     208.400     251.200     142.400
-acc   12  N  15    25     212.000     250.100     141.800
-acc   13  N  16    19     211.800     246.800     143.700
-acc   14  N  17    26     212.600     247.300     147.400
-acc   15  N  18    25     215.700     249.400     147.600
-acc   16  N  19    16     215.200     250.800     151.100
-acc   17  N  20    73     214.900     247.400     152.500
-acc   18  N  21    44     218.400     246.000     152.100
-acc   19  N  22    55     220.400     249.100     153.000
-acc   20  N  23    38     221.700     248.900     156.600
-acc   21  N  24    68     225.400     248.700     155.900
-acc   22  N  25    48     228.000     251.100     154.600
-acc   23  N  26    51     230.200     250.300     151.600
-acc   24  N  27   151     233.300     249.600     153.600
-acc   25  N  28    31     231.500     247.100     155.900
-acc   26  N  29    18     230.200     245.300     152.800
-acc   27  N  30    56     233.700     245.100     151.300
-acc   28  N  31    31     235.100     243.900     154.600
-acc   29  N  32    25     232.500     241.200     154.900
-acc   30  N  33    62     233.000     240.300     151.200
-acc   31  N  34   116     236.700     239.700     151.600
-acc   32  N  35    87     236.000     237.700     154.800
-acc   33  N  36    49     233.800     235.100     153.000
-acc   34  N  37    69     235.300     232.000     151.400
-acc   35  N  38   104     237.700     232.200     148.400
-acc   36  N  39   170     235.600     230.000     146.100
-acc   37  N  40   103     234.600     232.700     143.700
