>>>> 6YEZI   31    2    2    0  HH
         1         4        12         4        12         0
         2        14        27        14        27         0
   139.0   154.1   174.2   138.5   150.9   172.2   140.2   151.9   169.0   137.8
   150.1   166.6   134.9   151.9   168.2   136.2   155.1   166.6   138.0   154.2
   163.4   135.4   151.8   161.9   132.6   154.4   162.0   134.8   157.3   160.8
   136.4   155.2   158.0   133.1   153.5   157.1   130.7   156.4   157.5   132.5
   159.8   157.7   135.3   159.2   155.2   133.1   158.0   152.3   130.7   160.8
   152.9   133.5   163.5   152.8   135.3   161.8   149.8   132.1   161.3   147.8
   130.8   164.8   148.5   134.2   166.3   147.5   134.5   164.1   144.4   130.9
   164.9   143.2   131.7   168.6   143.7   134.9   168.2   141.7   133.4   166.1
   138.9   130.1   167.9   138.4   130.9   171.5   137.6   132.8   173.4   134.9
   136.1   175.1   135.4
>>>> 6YEZI    3
   1 =    2   3   2   1   2
   2 -    0   0   1   1
   3 -    0   0   1   2
>>>> 6YEZI    3
   1 =    2   3  31   1   1  31
   2 -    0   0  13   1   1  13
   3 -    0   0  18   1  14  31
-dssp     "LLLHHHHHHHHHLHHHHHHHHHHHHHHLLLL
-sequence "INLPSLFVPLVGLLFPAVAMASLFLHVEKRL
-compnd   " MOLECULE: PHOTOSYSTEM I P700 CHLOROPHYLL A APOPROTEIN A1;            "
-acc    1  I   2   200     139.000     154.100     174.200
-acc    2  I   3    79     138.500     150.900     172.200
-acc    3  I   4    81     140.200     151.900     169.000
-acc    4  I   5    20     137.800     150.100     166.600
-acc    5  I   6    11     134.900     151.900     168.200
-acc    6  I   7    53     136.200     155.100     166.600
-acc    7  I   8   111     138.000     154.200     163.400
-acc    8  I   9    59     135.400     151.800     161.900
-acc    9  I  10    17     132.600     154.400     162.000
-acc   10  I  11    46     134.800     157.300     160.800
-acc   11  I  12    90     136.400     155.200     158.000
-acc   12  I  13    46     133.100     153.500     157.100
-acc   13  I  14   108     130.700     156.400     157.500
-acc   14  I  15    48     132.500     159.800     157.700
-acc   15  I  16   126     135.300     159.200     155.200
-acc   16  I  17    40     133.100     158.000     152.300
-acc   17  I  18    48     130.700     160.800     152.900
-acc   18  I  19    54     133.500     163.500     152.800
-acc   19  I  20    26     135.300     161.800     149.800
-acc   20  I  21   129     132.100     161.300     147.800
-acc   21  I  22    13     130.800     164.800     148.500
-acc   22  I  23    65     134.200     166.300     147.500
-acc   23  I  24   100     134.500     164.100     144.400
-acc   24  I  25    78     130.900     164.900     143.200
-acc   25  I  26    30     131.700     168.600     143.700
-acc   26  I  27   110     134.900     168.200     141.700
-acc   27  I  28    19     133.400     166.100     138.900
-acc   28  I  29     7     130.100     167.900     138.400
-acc   29  I  30    90     130.900     171.500     137.600
-acc   30  I  31   118     132.800     173.400     134.900
-acc   31  I  32   145     136.100     175.100     135.400
