>>>> 8TO2p   36    1    1    0  H
         1        23        33        23        33         0
   265.7   144.3    91.6   265.5   148.1    91.6   262.7   147.9    89.0   260.3
   147.3    91.9   260.5   151.0    92.8   257.2   152.7    91.9   256.3   154.8
    95.0   259.9   154.7    96.2   261.1   155.5    92.7   261.6   158.8    91.0
   258.2   160.5    90.8   256.7   160.9    87.3   255.0   164.4    87.3   251.6
   164.3    85.5   250.2   167.1    83.4   247.2   168.9    84.9   246.0   171.8
    82.8   244.9   175.1    84.2   241.1   175.4    84.0   239.8   178.0    81.5
   236.4   179.7    81.0   233.8   177.2    80.2   230.8   177.5    77.9   228.9
   179.4    80.6   230.8   182.5    79.5   229.8   182.1    75.8   227.9   185.3
    75.6   230.8   187.2    77.1   233.2   185.3    74.8   231.1   186.7    71.9
   231.4   190.1    73.6   235.1   189.5    73.8   235.2   188.7    70.1   233.5
   192.0    69.5   235.4   194.3    71.9   238.6   194.7    69.9
>>>> 8TO2p    1
   1 =    0   0   1   1
>>>> 8TO2p    1
   1 =    0   0  36   1   1  36
-dssp     "LHHHLLLLLLLLLLLLLLLLLLHHHHHHHHHHHLLL
-sequence "PSQVAFASGDPIPQNVARRTPGPSLNRFKEMARQVK
-compnd   " MOLECULE: PHYCOBILIPROTEIN APCE;                                     "
-acc    1  p  83   116     265.700     144.300      91.600
-acc    2  p  84    92     265.500     148.100      91.600
-acc    3  p  85    92     262.700     147.900      89.000
-acc    4  p  86     1     260.300     147.300      91.900
-acc    5  p  87    33     260.500     151.000      92.800
-acc    6  p  88    25     257.200     152.700      91.900
-acc    7  p  89    25     256.300     154.800      95.000
-acc    8  p  90    25     259.900     154.700      96.200
-acc    9  p  91    16     261.100     155.500      92.700
-acc   10  p  92   128     261.600     158.800      91.000
-acc   11  p  93    49     258.200     160.500      90.800
-acc   12  p  94    63     256.700     160.900      87.300
-acc   13  p  95    99     255.000     164.400      87.300
-acc   14  p  96    39     251.600     164.300      85.500
-acc   15  p  97    93     250.200     167.100      83.400
-acc   16  p  98    42     247.200     168.900      84.900
-acc   17  p  99    66     246.000     171.800      82.800
-acc   18  p 100   116     244.900     175.100      84.200
-acc   19  p 101    52     241.100     175.400      84.000
-acc   20  p 102    91     239.800     178.000      81.500
-acc   21  p 103     4     236.400     179.700      81.000
-acc   22  p 104     8     233.800     177.200      80.200
-acc   23  p 105     8     230.800     177.500      77.900
-acc   24  p 106    29     228.900     179.400      80.600
-acc   25  p 107     2     230.800     182.500      79.500
-acc   26  p 108    90     229.800     182.100      75.800
-acc   27  p 109    93     227.900     185.300      75.600
-acc   28  p 110     3     230.800     187.200      77.100
-acc   29  p 111    26     233.200     185.300      74.800
-acc   30  p 112   115     231.100     186.700      71.900
-acc   31  p 113    18     231.400     190.100      73.600
-acc   32  p 114     2     235.100     189.500      73.800
-acc   33  p 115   162     235.200     188.700      70.100
-acc   34  p 116   163     233.500     192.000      69.500
-acc   35  p 117    14     235.400     194.300      71.900
-acc   36  p 118   224     238.600     194.700      69.900
