>>>> 1SP2A   31    1    1    0  H
         1        17        24        16        25         1
    14.1    -1.2    -2.0    11.8     1.4    -0.5     8.2     0.1     0.2     5.8
     3.0    -0.1     2.1     3.0    -1.2     1.3     4.5    -4.6    -1.9     6.5
    -4.0    -3.1    10.1    -3.5    -3.8    11.3     0.1    -1.9     8.2     1.3
     1.9     8.5     1.5     2.6     5.5     3.9     5.9     3.7     4.2     6.4
     0.1     5.3     9.2    -2.3     6.2     8.0    -5.0     3.8     5.9    -4.9
     0.5     3.9    -7.6     2.4     2.0    -4.9     4.3     1.7    -2.9     1.0
    -0.2    -5.9    -0.4    -3.1    -5.8     2.1    -2.8    -2.0     2.1    -3.4
    -1.5    -1.7    -6.6    -3.5    -1.2    -8.0    -0.9     1.2    -7.4     1.9
    -1.4    -9.9     0.6    -4.0   -12.4    -1.5    -2.1   -16.2    -1.1    -2.5
   -16.8    -3.9    -5.1
>>>> 1SP2A    1
   1 =    0   0   1   1
>>>> 1SP2A    1
   1 =    0   0  31   1   1  31
-dssp     "LLLLLLLLLLLLLLLLHHHHHHHHLLLLLLL
-sequence "RPFMCTWSYCGKRFTRSDELQRHKRTHTGEK
-compnd   " MOLECULE: SP1F2;                                                     "
-acc    1  A   1   285      14.100      -1.200      -2.000
-acc    2  A   2   116      11.800       1.400      -0.500
-acc    3  A   3    68       8.200       0.100       0.200
-acc    4  A   4    83       5.800       3.000      -0.100
-acc    5  A   5    10       2.100       3.000      -1.200
-acc    6  A   6   152       1.300       4.500      -4.600
-acc    7  A   7    87      -1.900       6.500      -4.000
-acc    8  A   8    95      -3.100      10.100      -3.500
-acc    9  A   9   248      -3.800      11.300       0.100
-acc   10  A  10    36      -1.900       8.200       1.300
-acc   11  A  11    59       1.900       8.500       1.500
-acc   12  A  12   122       2.600       5.500       3.900
-acc   13  A  13   229       5.900       3.700       4.200
-acc   14  A  14    38       6.400       0.100       5.300
-acc   15  A  15   168       9.200      -2.300       6.200
-acc   16  A  16   228       8.000      -5.000       3.800
-acc   17  A  17    40       5.900      -4.900       0.500
-acc   18  A  18    94       3.900      -7.600       2.400
-acc   19  A  19   117       2.000      -4.900       4.300
-acc   20  A  20    34       1.700      -2.900       1.000
-acc   21  A  21   111      -0.200      -5.900      -0.400
-acc   22  A  22   206      -3.100      -5.800       2.100
-acc   23  A  23    33      -2.800      -2.000       2.100
-acc   24  A  24   111      -3.400      -1.500      -1.700
-acc   25  A  25   204      -6.600      -3.500      -1.200
-acc   26  A  26   138      -8.000      -0.900       1.200
-acc   27  A  27    50      -7.400       1.900      -1.400
-acc   28  A  28   124      -9.900       0.600      -4.000
-acc   29  A  29    21     -12.400      -1.500      -2.100
-acc   30  A  30   185     -16.200      -1.100      -2.500
-acc   31  A  31   266     -16.800      -3.900      -5.100
