>>>> 1VA1A   37    3    1    2  EEH
         1         7        12         7        12         0
         2        17        22        17        22         0
         3        23        34        23        34         0
    -6.3   -14.4    -9.6    -5.9   -12.1   -12.6    -9.7   -11.8   -13.6   -12.6
   -11.2   -11.3   -13.1    -8.3    -8.9   -10.1    -6.0    -8.6    -8.6    -4.6
    -5.4    -6.8    -1.4    -4.7    -3.8    -0.9    -2.4    -4.9     1.4     0.5
    -2.9     2.3     3.6    -4.5    -0.1     6.2    -2.5     1.7     8.9    -4.7
     4.3    10.7    -3.3     7.6     9.5    -2.7     7.6     5.8    -5.3     7.5
     3.0    -3.6     7.3    -0.4    -4.0     4.8    -3.3    -1.5     2.3    -4.7
    -1.5    -0.2    -7.6     1.7    -2.2    -7.1     2.5    -4.1    -4.0     6.3
    -3.5    -4.5     5.5     0.2    -3.7     3.9    -0.8    -0.4     7.2    -2.0
     1.0     9.0     1.3     0.1     6.0     3.2     1.5     5.9     1.0     4.7
     9.4     1.9     5.6     8.3     5.5     5.7     5.5     4.7     8.2     7.7
     2.6    10.5    10.9     4.6    10.0     9.8     7.8    11.8    11.0     7.6
    15.4
>>>> 1VA1A    3
   1 =    2   3   3   1   2   3
   2 -    0   0   2   1   2
   3 -    0   0   1   3
>>>> 1VA1A    3
   1 =    2   3  37   1   1  37
   2 -    0   0  21   1   1  21
   3 -    0   0  16   1  22  37
-dssp     "LLLLLLLLEELLLLLLLLEELLHHHHHHHHHHHHLLL
-sequence "MDPGKKKQHICHIQGCGKVYGKTSHLRAHLRWHTGER
-compnd   " MOLECULE: TRANSCRIPTION FACTOR SP1;                                  "
-acc    1  A   1   217      -6.300     -14.400      -9.600
-acc    2  A 530   161      -5.900     -12.100     -12.600
-acc    3  A 531   104      -9.700     -11.800     -13.600
-acc    4  A 532    58     -12.600     -11.200     -11.300
-acc    5  A 533   206     -13.100      -8.300      -8.900
-acc    6  A 534   153     -10.100      -6.000      -8.600
-acc    7  A 535   191      -8.600      -4.600      -5.400
-acc    8  A 536   138      -6.800      -1.400      -4.700
-acc    9  A 537    38      -3.800      -0.900      -2.400
-acc   10  A 538    86      -4.900       1.400       0.500
-acc   11  A 539    11      -2.900       2.300       3.600
-acc   12  A 540   173      -4.500      -0.100       6.200
-acc   13  A 541    94      -2.500       1.700       8.900
-acc   14  A 542   216      -4.700       4.300      10.700
-acc   15  A 543    75      -3.300       7.600       9.500
-acc   16  A 544    54      -2.700       7.600       5.800
-acc   17  A 545    58      -5.300       7.500       3.000
-acc   18  A 546    77      -3.600       7.300      -0.400
-acc   19  A 547   128      -4.000       4.800      -3.300
-acc   20  A 548    54      -1.500       2.300      -4.700
-acc   21  A 549    62      -1.500      -0.200      -7.600
-acc   22  A 550   143       1.700      -2.200      -7.100
-acc   23  A 551   112       2.500      -4.100      -4.000
-acc   24  A 552    96       6.300      -3.500      -4.500
-acc   25  A 553   102       5.500       0.200      -3.700
-acc   26  A 554    49       3.900      -0.800      -0.400
-acc   27  A 555   240       7.200      -2.000       1.000
-acc   28  A 556    65       9.000       1.300       0.100
-acc   29  A 557    21       6.000       3.200       1.500
-acc   30  A 558    82       5.900       1.000       4.700
-acc   31  A 559   180       9.400       1.900       5.600
-acc   32  A 560   154       8.300       5.500       5.700
-acc   33  A 561    40       5.500       4.700       8.200
-acc   34  A 562   111       7.700       2.600      10.500
-acc   35  A 563    33      10.900       4.600      10.000
-acc   36  A 564   119       9.800       7.800      11.800
-acc   37  A 565   347      11.000       7.600      15.400
