>>>> 2ELNA   38    3    1    2  EEH
         1         8        13         8        13         0
         2        18        23        18        23         0
         3        24        34        24        34         0
    -9.1    -7.1   -21.3   -11.0    -9.5   -19.0   -10.6    -9.6   -15.2   -12.4
   -12.7   -14.1   -11.9   -13.0   -10.3   -12.6    -9.3   -10.2   -10.8    -8.9
    -6.9    -7.5   -10.1    -5.6    -4.9    -9.3    -2.9    -2.7    -6.4    -4.1
     0.9    -7.0    -3.0     2.7    -3.7    -2.5     5.2    -3.1    -5.3     7.9
    -1.9    -2.9    10.7    -4.5    -2.8    10.7    -6.4     0.4     7.5    -4.9
     1.6     4.9    -7.6     2.5     1.8    -5.4     2.6    -1.3    -6.7     0.8
    -4.9    -5.6     0.9    -8.1    -6.5    -1.1    -8.7    -2.8    -1.4    -7.2
    -0.8    -4.3    -7.5     2.7    -2.8    -6.1     1.7     0.6    -3.0     0.4
    -1.2    -2.4     3.6    -3.0    -2.2     5.3     0.3     0.2     2.7     1.7
     2.5     3.2    -1.2     3.0     6.6     0.3     4.3     5.2     3.6     7.6
     4.5     1.7     8.0     7.8    -0.3     6.9     9.7     2.8     9.5    12.1
     4.3     9.3    15.6     5.9
>>>> 2ELNA    5
   1 =    2   3   3   1   2   3
   2 -    0   0   1   1
   3 -    4   5   2   2   3
   4 -    0   0   1   2
   5 -    0   0   1   3
>>>> 2ELNA    5
   1 =    2   3  38   1   1  38
   2 -    0   0  10   1   1  10
   3 -    4   5  28   1  11  38
   4 -    0   0  13   1  11  23
   5 -    0   0  15   1  24  38
-dssp     "LLLLLLLLLEELLLLLLLLEELLHHHHHHHHHHHLLLL
-sequence "GSSGSSGILLKCPTDGCDYSTPDKYKLQAHLKVHTALD
-compnd   " MOLECULE: ZINC FINGER PROTEIN 406;                                   "
-acc    1  A   1   136      -9.100      -7.100     -21.300
-acc    2  A   2   128     -11.000      -9.500     -19.000
-acc    3  A   3    94     -10.600      -9.600     -15.200
-acc    4  A   4    63     -12.400     -12.700     -14.100
-acc    5  A   5    86     -11.900     -13.000     -10.300
-acc    6  A   6    98     -12.600      -9.300     -10.200
-acc    7  A   7    50     -10.800      -8.900      -6.900
-acc    8  A   8   149      -7.500     -10.100      -5.600
-acc    9  A   9   119      -4.900      -9.300      -2.900
-acc   10  A  10    61      -2.700      -6.400      -4.100
-acc   11  A  11   151       0.900      -7.000      -3.000
-acc   12  A  12    11       2.700      -3.700      -2.500
-acc   13  A  13    83       5.200      -3.100      -5.300
-acc   14  A  14    66       7.900      -1.900      -2.900
-acc   15  A  15   155      10.700      -4.500      -2.800
-acc   16  A  16    69      10.700      -6.400       0.400
-acc   17  A  17    33       7.500      -4.900       1.600
-acc   18  A  18   139       4.900      -7.600       2.500
-acc   19  A  19    76       1.800      -5.400       2.600
-acc   20  A  20    52      -1.300      -6.700       0.800
-acc   21  A  21    17      -4.900      -5.600       0.900
-acc   22  A  22    85      -8.100      -6.500      -1.100
-acc   23  A  23    76      -8.700      -2.800      -1.400
-acc   24  A  24   127      -7.200      -0.800      -4.300
-acc   25  A  25   176      -7.500       2.700      -2.800
-acc   26  A  26   115      -6.100       1.700       0.600
-acc   27  A  27    13      -3.000       0.400      -1.200
-acc   28  A  28    90      -2.400       3.600      -3.000
-acc   29  A  29    61      -2.200       5.300       0.300
-acc   30  A  30    20       0.200       2.700       1.700
-acc   31  A  31    44       2.500       3.200      -1.200
-acc   32  A  32   101       3.000       6.600       0.300
-acc   33  A  33   114       4.300       5.200       3.600
-acc   34  A  34    56       7.600       4.500       1.700
-acc   35  A  35   107       8.000       7.800      -0.300
-acc   36  A  36    60       6.900       9.700       2.800
-acc   37  A  37   164       9.500      12.100       4.300
-acc   38  A  38   218       9.300      15.600       5.900
