>>>> 2ELOA   37    3    1    2  EEH
         1         9        14         9        14         0
         2        15        20        15        20         0
         3        22        32        22        32         0
     8.0   -24.1    -9.8     4.4   -25.4    -9.6     2.2   -23.0   -11.5    -1.6
   -23.0   -10.9    -2.7   -20.0    -8.9    -2.7   -16.3    -9.7    -5.1   -13.4
    -9.3    -5.3    -9.7    -8.5    -3.4    -9.2    -5.3    -1.3    -6.2    -4.1
     2.1    -7.2    -2.8     4.8    -5.0    -1.3     8.0    -5.3    -3.4     9.7
    -3.1    -0.7     9.4    -5.3     2.4     8.0    -8.5     0.7     4.9    -7.8
     2.8     1.2    -8.5     1.9    -2.0    -6.7     2.8    -5.8    -7.4     2.8
    -7.0    -4.1     1.5    -5.8    -2.2    -1.6    -5.5     1.2     0.1    -3.4
    -0.2     2.9    -0.5    -1.2     0.7    -0.5     2.3    -0.8    -0.4     4.2
     2.5     1.9     1.6     4.1     4.7     2.0     1.6     4.2     5.8     1.7
     4.6     6.0     5.5     6.5     2.8     6.2     8.7     3.3     3.1     9.2
     7.1     2.9    12.5     7.0     0.9    12.8     3.3     0.3    11.3     3.0
    -3.2
>>>> 2ELOA    3
   1 =    2   3   3   1   2   3
   2 -    0   0   2   1   2
   3 -    0   0   1   3
>>>> 2ELOA    3
   1 =    2   3  37   1   1  37
   2 -    0   0  16   1  11  26
   3 -    0   0  11   1  27  37
-dssp     "LLLLLLLLLLEELLLLEELLLHHHHHHHHHHHLLLLL
-sequence "GSSGSSGRSYSCPVCEKSFSEDRLIKSHIKTNHPEVS
-compnd   " MOLECULE: ZINC FINGER PROTEIN 406;                                   "
-acc    1  A   1   121       8.000     -24.100      -9.800
-acc    2  A   2   128       4.400     -25.400      -9.600
-acc    3  A   3   127       2.200     -23.000     -11.500
-acc    4  A   4    76      -1.600     -23.000     -10.900
-acc    5  A   5   117      -2.700     -20.000      -8.900
-acc    6  A   6   128      -2.700     -16.300      -9.700
-acc    7  A   7    55      -5.100     -13.400      -9.300
-acc    8  A   8   274      -5.300      -9.700      -8.500
-acc    9  A   9   105      -3.400      -9.200      -5.300
-acc   10  A  10   122      -1.300      -6.200      -4.100
-acc   11  A  11    71       2.100      -7.200      -2.800
-acc   12  A  12     2       4.800      -5.000      -1.300
-acc   13  A  13   107       8.000      -5.300      -3.400
-acc   14  A  14    48       9.700      -3.100      -0.700
-acc   15  A  15    53       9.400      -5.300       2.400
-acc   16  A  16   175       8.000      -8.500       0.700
-acc   17  A  17    91       4.900      -7.800       2.800
-acc   18  A  18    86       1.200      -8.500       1.900
-acc   19  A  19    41      -2.000      -6.700       2.800
-acc   20  A  20   129      -5.800      -7.400       2.800
-acc   21  A  21    82      -7.000      -4.100       1.500
-acc   22  A  22    85      -5.800      -2.200      -1.600
-acc   23  A  23   205      -5.500       1.200       0.100
-acc   24  A  24   113      -3.400      -0.200       2.900
-acc   25  A  25    11      -0.500      -1.200       0.700
-acc   26  A  26   128      -0.500       2.300      -0.800
-acc   27  A  27    58      -0.400       4.200       2.500
-acc   28  A  28    10       1.900       1.600       4.100
-acc   29  A  29    47       4.700       2.000       1.600
-acc   30  A  30   150       4.200       5.800       1.700
-acc   31  A  31   118       4.600       6.000       5.500
-acc   32  A  32   114       6.500       2.800       6.200
-acc   33  A  33    19       8.700       3.300       3.100
-acc   34  A  34    97       9.200       7.100       2.900
-acc   35  A  35   172      12.500       7.000       0.900
-acc   36  A  36   110      12.800       3.300       0.300
-acc   37  A  37   123      11.300       3.000      -3.200
