>>>> 2ELQA   36    3    1    2  EEH
         1         8        13         8        13         0
         2        16        21        16        21         0
         3        22        31        22        31         0
     0.9   -24.9     7.7     2.0   -25.1     4.0    -1.2   -26.5     2.5    -4.1
   -24.6     0.8    -3.0   -21.5     2.8    -5.1   -18.9     1.2    -2.9   -15.9
     0.6    -4.0   -12.3     0.3    -5.3    -9.9    -2.4    -2.7    -7.2    -1.8
     0.8    -8.3    -0.9     3.5    -5.6    -0.8     6.2    -6.6    -3.2     8.7
    -4.8    -1.0     8.1    -6.6     2.3     6.0    -9.5     3.6     3.2    -7.0
     4.4    -0.2    -8.0     3.2    -3.8    -7.0     3.9    -7.3    -7.9     2.7
    -8.1    -4.2     2.4    -6.4    -2.0    -0.2    -7.1     1.0     2.0    -4.8
    -0.4     4.7    -1.9    -1.3     2.4    -2.0     2.1     0.8    -1.1     3.5
     4.2     1.7     1.0     4.7     3.3     1.5     1.3     3.8     5.1     2.5
     6.2     3.9     5.2     8.4     2.7     2.2     9.5     6.3     1.6    11.5
     7.6     4.6    14.7     5.9     5.9    13.9     3.3     3.2
>>>> 2ELQA    5
   1 =    2   3   3   1   2   3
   2 -    0   0   1   1
   3 -    4   5   2   2   3
   4 -    0   0   1   2
   5 -    0   0   1   3
>>>> 2ELQA    5
   1 =    2   3  36   1   1  36
   2 -    0   0  10   1   1  10
   3 -    4   5  26   1  11  36
   4 -    0   0  15   1  11  25
   5 -    0   0  11   1  26  36
-dssp     "LLLLLLLLLEELLLLLLEELLHHHHHHHHHHLLLLL
-sequence "GSSGSSGKPFKCSLCEYATRSKSNLKAHMNRHSTEK
-compnd   " MOLECULE: ZINC FINGER PROTEIN 406;                                   "
-acc    1  A   1   119       0.900     -24.900       7.700
-acc    2  A   2   127       2.000     -25.100       4.000
-acc    3  A   3   101      -1.200     -26.500       2.500
-acc    4  A   4    90      -4.100     -24.600       0.800
-acc    5  A   5    92      -3.000     -21.500       2.800
-acc    6  A   6   111      -5.100     -18.900       1.200
-acc    7  A   7    63      -2.900     -15.900       0.600
-acc    8  A   8   123      -4.000     -12.300       0.300
-acc    9  A   9    75      -5.300      -9.900      -2.400
-acc   10  A  10    66      -2.700      -7.200      -1.800
-acc   11  A  11   118       0.800      -8.300      -0.900
-acc   12  A  12     2       3.500      -5.600      -0.800
-acc   13  A  13   115       6.200      -6.600      -3.200
-acc   14  A  14   146       8.700      -4.800      -1.000
-acc   15  A  15    47       8.100      -6.600       2.300
-acc   16  A  16   176       6.000      -9.500       3.600
-acc   17  A  17    46       3.200      -7.000       4.400
-acc   18  A  18    26      -0.200      -8.000       3.200
-acc   19  A  19    20      -3.800      -7.000       3.900
-acc   20  A  20   233      -7.300      -7.900       2.700
-acc   21  A  21    56      -8.100      -4.200       2.400
-acc   22  A  22   142      -6.400      -2.000      -0.200
-acc   23  A  23    80      -7.100       1.000       2.000
-acc   24  A  24   101      -4.800      -0.400       4.700
-acc   25  A  25    30      -1.900      -1.300       2.400
-acc   26  A  26   123      -2.000       2.100       0.800
-acc   27  A  27    45      -1.100       3.500       4.200
-acc   28  A  28     8       1.700       1.000       4.700
-acc   29  A  29    63       3.300       1.500       1.300
-acc   30  A  30   108       3.800       5.100       2.500
-acc   31  A  31   180       6.200       3.900       5.200
-acc   32  A  32    39       8.400       2.700       2.200
-acc   33  A  33   100       9.500       6.300       1.600
-acc   34  A  34   130      11.500       7.600       4.600
-acc   35  A  35   172      14.700       5.900       5.900
-acc   36  A  36   139      13.900       3.300       3.200
