>>>> 2ELRA   36    1    1    0  H
         1        22        32        22        32         0
     7.5    -7.3    -5.5     6.0   -10.3    -7.4     3.2    -9.9    -9.8     0.2
   -11.7    -8.3    -2.9   -13.1    -9.9    -5.6   -10.8   -11.3    -7.9   -10.9
    -8.3   -10.7    -8.4    -7.7    -9.5    -8.2    -4.1    -7.2    -5.2    -4.2
    -3.9    -7.1    -3.8    -0.6    -5.4    -3.3     2.2    -6.9    -5.3     4.7
    -4.6    -3.6     4.5    -6.3    -0.3     1.6    -8.8    -0.6    -1.2    -7.2
     1.4    -4.9    -7.7     0.3    -7.6    -5.1     0.8   -11.4    -5.0     0.2
   -11.6    -1.3    -0.6    -9.4     1.1    -2.5    -8.9     4.0    -0.1    -7.5
     1.5     2.3    -5.0     0.0    -0.2    -4.1     3.5    -1.4    -3.0     4.9
     2.0    -1.1     1.7     2.5     0.6     2.0    -1.0     1.8     5.6    -0.4
     3.9     4.1     2.4     5.8     2.0    -0.1     6.6     5.2    -2.0     8.8
     6.5     0.8    12.4     6.1    -0.3    11.4     7.2    -3.8
>>>> 2ELRA    1
   1 =    0   0   1   1
>>>> 2ELRA    1
   1 =    0   0  36   1   1  36
-dssp     "LLLLLLLLLLLLLLLLLLLLLHHHHHHHHHHHLLLL
-sequence "GSSGSSGKTHLCDMCGKKFKSKGTLKSHKLLHTADG
-compnd   " MOLECULE: ZINC FINGER PROTEIN 406;                                   "
-acc    1  A   1   104       7.500      -7.300      -5.500
-acc    2  A   2    95       6.000     -10.300      -7.400
-acc    3  A   3   120       3.200      -9.900      -9.800
-acc    4  A   4    38       0.200     -11.700      -8.300
-acc    5  A   5   102      -2.900     -13.100      -9.900
-acc    6  A   6   134      -5.600     -10.800     -11.300
-acc    7  A   7    38      -7.900     -10.900      -8.300
-acc    8  A   8   186     -10.700      -8.400      -7.700
-acc    9  A   9    77      -9.500      -8.200      -4.100
-acc   10  A  10    50      -7.200      -5.200      -4.200
-acc   11  A  11    50      -3.900      -7.100      -3.800
-acc   12  A  12     2      -0.600      -5.400      -3.300
-acc   13  A  13    71       2.200      -6.900      -5.300
-acc   14  A  14    90       4.700      -4.600      -3.600
-acc   15  A  15    68       4.500      -6.300      -0.300
-acc   16  A  16    44       1.600      -8.800      -0.600
-acc   17  A  17   114      -1.200      -7.200       1.400
-acc   18  A  18   126      -4.900      -7.700       0.300
-acc   19  A  19    25      -7.600      -5.100       0.800
-acc   20  A  20   178     -11.400      -5.000       0.200
-acc   21  A  21    62     -11.600      -1.300      -0.600
-acc   22  A  22   142      -9.400       1.100      -2.500
-acc   23  A  23    54      -8.900       4.000      -0.100
-acc   24  A  24    93      -7.500       1.500       2.300
-acc   25  A  25    19      -5.000       0.000      -0.200
-acc   26  A  26   121      -4.100       3.500      -1.400
-acc   27  A  27    64      -3.000       4.900       2.000
-acc   28  A  28    11      -1.100       1.700       2.500
-acc   29  A  29    72       0.600       2.000      -1.000
-acc   30  A  30   134       1.800       5.600      -0.400
-acc   31  A  31   156       3.900       4.100       2.400
-acc   32  A  32    71       5.800       2.000      -0.100
-acc   33  A  33   109       6.600       5.200      -2.000
-acc   34  A  34    80       8.800       6.500       0.800
-acc   35  A  35   172      12.400       6.100      -0.300
-acc   36  A  36    99      11.400       7.200      -3.800
