>>>> 2ELSA   36    3    1    2  EEH
         1         8        13         8        13         0
         2        16        21        16        21         0
         3        22        32        22        32         0
   -28.5   -12.2    -4.4   -25.7   -13.4    -2.1   -24.2   -12.1     1.2   -20.8
   -11.9    -0.4   -21.3   -12.5    -4.2   -18.0   -10.6    -4.8   -15.4   -10.3
    -2.0   -12.8    -8.1    -3.7    -9.7    -7.7    -1.5    -7.0    -5.0    -1.8
    -3.5    -6.6    -1.8    -0.3    -4.7    -1.2     2.5    -5.4    -3.7     4.9
    -3.9    -1.2     4.4    -6.3     1.8     1.9    -8.7     0.3    -0.8    -7.6
     2.8    -4.5    -7.7     2.1    -7.2    -5.3     3.4   -10.9    -4.9     3.6
   -11.5    -1.5     1.9    -9.5     0.5    -0.6    -8.7     3.5     1.7    -7.4
     1.0     4.3    -4.6     0.1     1.9    -4.0     3.6     0.5    -3.5     4.8
     4.0    -1.1     1.9     4.8     1.1     2.7     1.8     2.0     5.7     3.9
     4.4     3.6     6.0     5.8     2.3     2.7     6.5     5.7     1.0     9.9
     7.3     1.8    11.5    10.7     1.8     8.8    12.0     4.1
>>>> 2ELSA    3
   1 =    2   3   3   1   2   3
   2 -    0   0   2   1   2
   3 -    0   0   1   3
>>>> 2ELSA    3
   1 =    2   3  36   1   1  36
   2 -    0   0  19   1   1  19
   3 -    0   0  17   1  20  36
-dssp     "LLLLLLLLLEELLLLLLEELLHHHHHHHHHHHLLLL
-sequence "GSSGSSGKIFTCEYCNKVFKFKHSLQAHLRIHTNEK
-compnd   " MOLECULE: ZINC FINGER PROTEIN 406;                                   "
-acc    1  A   1   140     -28.500     -12.200      -4.400
-acc    2  A   2    83     -25.700     -13.400      -2.100
-acc    3  A   3   137     -24.200     -12.100       1.200
-acc    4  A   4    50     -20.800     -11.900      -0.400
-acc    5  A   5   100     -21.300     -12.500      -4.200
-acc    6  A   6   106     -18.000     -10.600      -4.800
-acc    7  A   7    58     -15.400     -10.300      -2.000
-acc    8  A   8   147     -12.800      -8.100      -3.700
-acc    9  A   9   123      -9.700      -7.700      -1.500
-acc   10  A  10    51      -7.000      -5.000      -1.800
-acc   11  A  11    81      -3.500      -6.600      -1.800
-acc   12  A  12     0      -0.300      -4.700      -1.200
-acc   13  A  13   155       2.500      -5.400      -3.700
-acc   14  A  14   113       4.900      -3.900      -1.200
-acc   15  A  15    52       4.400      -6.300       1.800
-acc   16  A  16   144       1.900      -8.700       0.300
-acc   17  A  17    93      -0.800      -7.600       2.800
-acc   18  A  18    94      -4.500      -7.700       2.100
-acc   19  A  19    16      -7.200      -5.300       3.400
-acc   20  A  20   165     -10.900      -4.900       3.600
-acc   21  A  21   126     -11.500      -1.500       1.900
-acc   22  A  22   120      -9.500       0.500      -0.600
-acc   23  A  23   116      -8.700       3.500       1.700
-acc   24  A  24    54      -7.400       1.000       4.300
-acc   25  A  25    19      -4.600       0.100       1.900
-acc   26  A  26   113      -4.000       3.600       0.500
-acc   27  A  27    47      -3.500       4.800       4.000
-acc   28  A  28    22      -1.100       1.900       4.800
-acc   29  A  29    30       1.100       2.700       1.800
-acc   30  A  30   213       2.000       5.700       3.900
-acc   31  A  31   172       4.400       3.600       6.000
-acc   32  A  32    58       5.800       2.300       2.700
-acc   33  A  33    95       6.500       5.700       1.000
-acc   34  A  34   141       9.900       7.300       1.800
-acc   35  A  35   176      11.500      10.700       1.800
-acc   36  A  36   231       8.800      12.000       4.100
