>>>> 2ELTA   36    3    1    2  EEH
         1         8        13         8        13         0
         2        16        21        16        21         0
         3        22        32        22        32         0
     7.3   -21.8    -3.4     5.2   -19.9    -0.9     5.2   -16.3    -2.0     2.8
   -13.4    -2.7    -0.7   -13.0    -1.3    -3.5   -14.0    -3.6    -7.1   -12.7
    -3.1    -7.8    -9.1    -4.0    -8.2    -8.3    -7.7    -6.0    -5.2    -7.6
    -2.4    -6.1    -7.4     0.7    -4.0    -7.1     3.0    -3.8   -10.2     6.0
    -3.6    -7.8     5.3    -5.9    -4.7     2.8    -8.6    -4.0     0.5    -6.0
    -2.5    -3.2    -6.7    -3.3    -6.2    -4.6    -2.3   -10.0    -4.9    -2.9
   -10.3    -1.2    -3.7    -8.4     0.6    -6.5    -8.0     3.9    -4.8    -6.3
     2.0    -2.0    -3.6     0.7    -4.4    -3.1     4.2    -5.9    -1.9     5.5
    -2.5     0.1     2.4    -1.9     2.3     3.3    -4.9     2.7     6.9    -3.8
     5.2     5.3    -1.5     6.8     2.9    -4.0     7.7     5.8    -6.3     9.5
     7.6    -3.4    12.5     7.0    -1.2    15.3     8.8     0.7
>>>> 2ELTA    3
   1 =    2   3   3   1   2   3
   2 -    0   0   2   1   2
   3 -    0   0   1   3
>>>> 2ELTA    3
   1 =    2   3  36   1   1  36
   2 -    0   0  20   1   1  20
   3 -    0   0  16   1  21  36
-dssp     "LLLLLLLLLEELLLLLLEELLHHHHHHHHHHHLLLL
-sequence "GSSGSSGKPYKCPQCSYASAIKANLNVHLRKHTGEK
-compnd   " MOLECULE: ZINC FINGER PROTEIN 406;                                   "
-acc    1  A   1   123       7.300     -21.800      -3.400
-acc    2  A   2   132       5.200     -19.900      -0.900
-acc    3  A   3   115       5.200     -16.300      -2.000
-acc    4  A   4    41       2.800     -13.400      -2.700
-acc    5  A   5    91      -0.700     -13.000      -1.300
-acc    6  A   6   126      -3.500     -14.000      -3.600
-acc    7  A   7    71      -7.100     -12.700      -3.100
-acc    8  A   8   101      -7.800      -9.100      -4.000
-acc    9  A   9    96      -8.200      -8.300      -7.700
-acc   10  A  10    82      -6.000      -5.200      -7.600
-acc   11  A  11    90      -2.400      -6.100      -7.400
-acc   12  A  12    13       0.700      -4.000      -7.100
-acc   13  A  13    93       3.000      -3.800     -10.200
-acc   14  A  14   146       6.000      -3.600      -7.800
-acc   15  A  15    50       5.300      -5.900      -4.700
-acc   16  A  16    75       2.800      -8.600      -4.000
-acc   17  A  17    60       0.500      -6.000      -2.500
-acc   18  A  18    28      -3.200      -6.700      -3.300
-acc   19  A  19     8      -6.200      -4.600      -2.300
-acc   20  A  20    46     -10.000      -4.900      -2.900
-acc   21  A  21   137     -10.300      -1.200      -3.700
-acc   22  A  22    97      -8.400       0.600      -6.500
-acc   23  A  23    47      -8.000       3.900      -4.800
-acc   24  A  24    87      -6.300       2.000      -2.000
-acc   25  A  25    17      -3.600       0.700      -4.400
-acc   26  A  26    78      -3.100       4.200      -5.900
-acc   27  A  27    91      -1.900       5.500      -2.500
-acc   28  A  28    26       0.100       2.400      -1.900
-acc   29  A  29    54       2.300       3.300      -4.900
-acc   30  A  30   185       2.700       6.900      -3.800
-acc   31  A  31   144       5.200       5.300      -1.500
-acc   32  A  32    62       6.800       2.900      -4.000
-acc   33  A  33   132       7.700       5.800      -6.300
-acc   34  A  34    43       9.500       7.600      -3.400
-acc   35  A  35   187      12.500       7.000      -1.200
-acc   36  A  36   249      15.300       8.800       0.700
