>>>> 2ELXA   35    3    1    2  EEH
         1         6        11         6        11         0
         2        14        19        14        19         0
         3        20        29        20        29         0
    -6.5   -17.1   -20.7    -7.1   -18.3   -17.1    -8.8   -16.5   -14.2    -8.3
   -16.7   -10.5    -6.4   -14.1    -8.5    -8.9   -11.6    -7.2    -7.1    -9.4
    -4.7    -4.1    -7.2    -5.4    -0.4    -8.0    -4.7     2.7    -5.8    -4.6
     5.1    -5.9    -7.5     8.1    -5.4    -5.3     7.6    -7.1    -1.9     5.0
    -9.3    -3.5     2.6    -8.8    -0.6    -1.2    -9.2    -1.0    -3.6    -6.4
     0.1    -7.3    -5.9     0.7    -7.7    -3.2    -2.0    -5.7    -1.4    -4.6
    -5.3     1.9    -2.8    -4.2     0.2     0.4    -1.5    -1.4    -1.8    -0.7
     1.8    -3.7     0.1     3.9    -0.6     2.0     0.9     0.9     4.5     1.3
    -1.9     4.8     5.0    -1.1     5.6     4.3     2.6     7.2     0.9     2.5
     8.8     1.3    -1.0     8.5     5.0    -1.2     8.3     5.3    -5.0     7.9
     9.0    -4.8    11.6     9.7    -5.0
>>>> 2ELXA    3
   1 =    2   3   3   1   2   3
   2 -    0   0   2   1   2
   3 -    0   0   1   3
>>>> 2ELXA    3
   1 =    2   3  35   1   1  35
   2 -    0   0  17   1   1  17
   3 -    0   0  18   1  18  35
-dssp     "LLLLLLLEELLLLLLEELLHHHHHHHHHHLLLLLL
-sequence "GSSGSSGYVCALCLKKFVSSIRLRSHIREVHGAAQ
-compnd   " MOLECULE: ZINC FINGER PROTEIN 406;                                   "
-acc    1  A   1   139      -6.500     -17.100     -20.700
-acc    2  A   2   128      -7.100     -18.300     -17.100
-acc    3  A   3   131      -8.800     -16.500     -14.200
-acc    4  A   4    59      -8.300     -16.700     -10.500
-acc    5  A   5   111      -6.400     -14.100      -8.500
-acc    6  A   6   110      -8.900     -11.600      -7.200
-acc    7  A   7    27      -7.100      -9.400      -4.700
-acc    8  A   8   118      -4.100      -7.200      -5.400
-acc    9  A   9    71      -0.400      -8.000      -4.700
-acc   10  A  10     1       2.700      -5.800      -4.600
-acc   11  A  11    77       5.100      -5.900      -7.500
-acc   12  A  12   106       8.100      -5.400      -5.300
-acc   13  A  13    52       7.600      -7.100      -1.900
-acc   14  A  14   149       5.000      -9.300      -3.500
-acc   15  A  15   124       2.600      -8.800      -0.600
-acc   16  A  16   109      -1.200      -9.200      -1.000
-acc   17  A  17    35      -3.600      -6.400       0.100
-acc   18  A  18   120      -7.300      -5.900       0.700
-acc   19  A  19    43      -7.700      -3.200      -2.000
-acc   20  A  20    34      -5.700      -1.400      -4.600
-acc   21  A  21   158      -5.300       1.900      -2.800
-acc   22  A  22   185      -4.200       0.200       0.400
-acc   23  A  23    26      -1.500      -1.400      -1.800
-acc   24  A  24   174      -0.700       1.800      -3.700
-acc   25  A  25    64       0.100       3.900      -0.600
-acc   26  A  26    11       2.000       0.900       0.900
-acc   27  A  27    36       4.500       1.300      -1.900
-acc   28  A  28   151       4.800       5.000      -1.100
-acc   29  A  29   149       5.600       4.300       2.600
-acc   30  A  30   111       7.200       0.900       2.500
-acc   31  A  31    53       8.800       1.300      -1.000
-acc   32  A  32    31       8.500       5.000      -1.200
-acc   33  A  33    51       8.300       5.300      -5.000
-acc   34  A  34    67       7.900       9.000      -4.800
-acc   35  A  35   244      11.600       9.700      -5.000
