>>>> 2LVRA   30    3    1    2  EEH
         1         2         7         2         7         0
         2        10        15        10        15         0
         3        16        27        16        27         0
    16.8     1.8    -2.7    14.0     1.4    -0.1    10.4     1.2    -1.5     7.2
     1.1     0.4     5.8    -2.4    -0.1     2.2    -3.4     0.2     1.9    -5.6
     3.3    -1.0    -7.4     1.8     0.1    -8.3    -1.7     3.8    -7.4    -1.6
     3.9    -4.6    -4.3     6.8    -2.2    -4.1     5.7     1.4    -4.2     7.5
     4.7    -3.9     5.6     6.8    -1.4     3.9     5.9     1.9     1.0     8.0
     0.8     0.6     5.6    -2.1     0.6     2.7     0.3    -2.3     4.1     2.1
    -4.0     4.7    -1.1    -3.0     1.2    -2.0    -4.1    -0.6     1.1    -7.5
     1.0     1.1    -7.8    -0.3    -2.5    -7.7    -3.8    -1.0   -10.6    -2.9
     1.3   -12.3    -1.4    -1.7   -15.2    -0.2     0.5   -12.8     2.1     2.2
>>>> 2LVRA    3
   1 =    2   3   3   1   2   3
   2 -    0   0   2   1   2
   3 -    0   0   1   3
>>>> 2LVRA    3
   1 =    2   3  30   1   1  30
   2 -    0   0  14   1   1  14
   3 -    0   0  16   1  15  30
-dssp     "LLLEELLLLLLEELLHHHHHHHHHHHHLLL
-sequence "MKPYVCIHCQRQFADPGALQRHVRIHTGEK
-compnd   " MOLECULE: ZINC FINGER AND BTB DOMAIN-CONTAINING PROTEIN 17;          "
-acc    1  A   1   247      16.800       1.800      -2.700
-acc    2  A   2   158      14.000       1.400      -0.100
-acc    3  A   3    51      10.400       1.200      -1.500
-acc    4  A   4    84       7.200       1.100       0.400
-acc    5  A   5    65       5.800      -2.400      -0.100
-acc    6  A   6     0       2.200      -3.400       0.200
-acc    7  A   7   172       1.900      -5.600       3.300
-acc    8  A   8   142      -1.000      -7.400       1.800
-acc    9  A   9    53       0.100      -8.300      -1.700
-acc   10  A  10   174       3.800      -7.400      -1.600
-acc   11  A  11   213       3.900      -4.600      -4.300
-acc   12  A  12   166       6.800      -2.200      -4.100
-acc   13  A  13    74       5.700       1.400      -4.200
-acc   14  A  14    72       7.500       4.700      -3.900
-acc   15  A  15   105       5.600       6.800      -1.400
-acc   16  A  16    70       3.900       5.900       1.900
-acc   17  A  17    38       1.000       8.000       0.800
-acc   18  A  18    32       0.600       5.600      -2.100
-acc   19  A  19    23       0.600       2.700       0.300
-acc   20  A  20   103      -2.300       4.100       2.100
-acc   21  A  21   182      -4.000       4.700      -1.100
-acc   22  A  22    22      -3.000       1.200      -2.000
-acc   23  A  23    79      -4.100      -0.600       1.100
-acc   24  A  24   129      -7.500       1.000       1.100
-acc   25  A  25   154      -7.800      -0.300      -2.500
-acc   26  A  26    75      -7.700      -3.800      -1.000
-acc   27  A  27    77     -10.600      -2.900       1.300
-acc   28  A  28    54     -12.300      -1.400      -1.700
-acc   29  A  29   187     -15.200      -0.200       0.500
-acc   30  A  30   144     -12.800       2.100       2.200
