>>>> 2M0DA   30    3    1    2  EEH
         1         2         7         2         7         0
         2        10        15        10        15         0
         3        16        24        16        24         0
   -16.4    -0.3    -3.2   -12.9    -1.4    -4.1   -10.2    -2.0    -1.5    -6.8
    -0.5    -2.3    -5.0    -3.7    -1.2    -1.2    -4.3    -1.5    -0.2    -7.0
    -4.0     2.5    -8.3    -1.6     0.8    -7.7     1.6    -2.7    -8.8     0.9
    -3.7    -5.9     3.2    -6.6    -3.8     2.1    -6.0    -0.1     2.5    -9.2
     1.9     2.5    -7.2     4.9     1.5    -5.1     5.3    -1.8    -2.8     7.8
    -0.1    -1.5     5.5     2.7    -1.7     2.6     0.3     0.6     4.7    -1.9
     3.2     5.7     0.7     3.2     2.1     1.9     3.8     0.9    -1.6     6.6
     3.4    -2.4     8.2     3.3     1.0     8.2    -0.5     0.6    11.5     0.3
    -1.0    13.4     0.5     2.3    16.1    -2.1     1.7    18.8     0.4     2.5
>>>> 2M0DA    3
   1 =    2   3   3   1   2   3
   2 -    0   0   2   1   2
   3 -    0   0   1   3
>>>> 2M0DA    3
   1 =    2   3  30   1   1  30
   2 -    0   0  14   1   1  14
   3 -    0   0  16   1  15  30
-dssp     "LLLEELLLLLLEELLHHHHHHHHHLLLLLL
-sequence "MKPYQCDYCGRSFSDPTSKMRHLETHDTDK
-compnd   " MOLECULE: ZINC FINGER AND BTB DOMAIN-CONTAINING PROTEIN 17;          "
-acc    1  A   1   240     -16.400      -0.300      -3.200
-acc    2  A   2   159     -12.900      -1.400      -4.100
-acc    3  A   3    65     -10.200      -2.000      -1.500
-acc    4  A   4   106      -6.800      -0.500      -2.300
-acc    5  A   5   129      -5.000      -3.700      -1.200
-acc    6  A   6     1      -1.200      -4.300      -1.500
-acc    7  A   7   141      -0.200      -7.000      -4.000
-acc    8  A   8   165       2.500      -8.300      -1.600
-acc    9  A   9    62       0.800      -7.700       1.600
-acc   10  A  10    51      -2.700      -8.800       0.900
-acc   11  A  11   176      -3.700      -5.900       3.200
-acc   12  A  12    39      -6.600      -3.800       2.100
-acc   13  A  13    33      -6.000      -0.100       2.500
-acc   14  A  14   120      -9.200       1.900       2.500
-acc   15  A  15    59      -7.200       4.900       1.500
-acc   16  A  16    58      -5.100       5.300      -1.800
-acc   17  A  17   121      -2.800       7.800      -0.100
-acc   18  A  18    55      -1.500       5.500       2.700
-acc   19  A  19    46      -1.700       2.600       0.300
-acc   20  A  20   102       0.600       4.700      -1.900
-acc   21  A  21   173       3.200       5.700       0.700
-acc   22  A  22    63       3.200       2.100       1.900
-acc   23  A  23    48       3.800       0.900      -1.600
-acc   24  A  24    81       6.600       3.400      -2.400
-acc   25  A  25    86       8.200       3.300       1.000
-acc   26  A  26    73       8.200      -0.500       0.600
-acc   27  A  27   135      11.500       0.300      -1.000
-acc   28  A  28   117      13.400       0.500       2.300
-acc   29  A  29   160      16.100      -2.100       1.700
-acc   30  A  30   234      18.800       0.400       2.500
