>>>> 6H0GC   30    3    1    2  EEH
         1         3         8         3         8         0
         2        11        16        11        16         0
         3        17        25        17        25         0
     2.7    64.1  -102.1     2.0    60.4  -101.6     3.2    60.1   -98.0     4.4
    56.7   -96.7     2.0    53.8   -96.2     1.9    51.9   -92.9     0.4    48.7
   -91.6    -2.5    48.8   -89.2    -1.4    45.6   -87.4     2.1    46.7   -86.4
     2.8    50.1   -87.8     5.2    48.8   -90.4     5.9    51.7   -92.6     6.6
    51.1   -96.4     6.6    52.8   -99.8     5.2    51.1  -103.0     1.6    49.9
  -102.9     1.7    46.1  -102.9     4.8    45.9  -100.7     2.6    46.4   -97.6
     0.1    44.0   -99.2     2.9    41.5   -99.0     3.8    42.4   -95.5     0.2
    42.1   -94.2    -0.1    38.7   -95.9     2.6    37.6   -93.4     0.5    38.5
   -90.3    -2.8    36.6   -90.4    -1.2    33.7   -92.4    -0.2    31.0   -89.8
>>>> 6H0GC    3
   1 =    2   3   3   1   2   3
   2 -    0   0   2   1   2
   3 -    0   0   1   3
>>>> 6H0GC    3
   1 =    2   3  30   1   1  30
   2 -    0   0  19   1   1  19
   3 -    0   0  11   1  20  30
-dssp     "LLLLEELLLLLLEELLHHHHHHHHHLLLLL
-sequence "GGRPLQCEICGFTCRQKASLNWHQRKHAET
-compnd   " MOLECULE: DNA DAMAGE-BINDING PROTEIN 1,DNA DAMAGE-BINDING P          "
-acc    1  C 413   124       2.700      64.100    -102.100
-acc    2  C 414    91       2.000      60.400    -101.600
-acc    3  C 415   215       3.200      60.100     -98.000
-acc    4  C 416    71       4.400      56.700     -96.700
-acc    5  C 417   100       2.000      53.800     -96.200
-acc    6  C 418    77       1.900      51.900     -92.900
-acc    7  C 419     1       0.400      48.700     -91.600
-acc    8  C 420    84      -2.500      48.800     -89.200
-acc    9  C 421    52      -1.400      45.600     -87.400
-acc   10  C 422     2       2.100      46.700     -86.400
-acc   11  C 423     8       2.800      50.100     -87.800
-acc   12  C 424     9       5.200      48.800     -90.400
-acc   13  C 425    47       5.900      51.700     -92.600
-acc   14  C 426    17       6.600      51.100     -96.400
-acc   15  C 427   234       6.600      52.800     -99.800
-acc   16  C 428   129       5.200      51.100    -103.000
-acc   17  C 429    70       1.600      49.900    -102.900
-acc   18  C 430    66       1.700      46.100    -102.900
-acc   19  C 431    33       4.800      45.900    -100.700
-acc   20  C 432    20       2.600      46.400     -97.600
-acc   21  C 433   131       0.100      44.000     -99.200
-acc   22  C 434   145       2.900      41.500     -99.000
-acc   23  C 435     2       3.800      42.400     -95.500
-acc   24  C 436    43       0.200      42.100     -94.200
-acc   25  C 437   218      -0.100      38.700     -95.900
-acc   26  C 438    25       2.600      37.600     -93.400
-acc   27  C 439    45       0.500      38.500     -90.300
-acc   28  C 440    62      -2.800      36.600     -90.400
-acc   29  C 441    82      -1.200      33.700     -92.400
-acc   30  C 442   140      -0.200      31.000     -89.800
