>>>> 7MC3A   31    3    1    2  EEH
         1         4        10         4        10         0
         2        11        17        11        17         0
         3        18        28        18        28         0
    -3.5     0.6    -7.7    -2.3    -2.2   -10.0     1.4    -1.1    -9.6     2.9
    -2.7    -6.5     4.5     0.2    -4.6     7.7    -0.4    -2.7     7.2     2.1
     0.1     9.4     2.8     3.1     7.2     1.7     6.0     9.7     3.6     8.1
     8.7     7.1     6.9     6.1     6.7     4.1     8.3     6.9     1.0     6.6
     5.4    -2.1     8.9     4.1    -4.8     7.9     1.9    -7.8    11.5     0.6
    -7.8    12.5    -1.8    -5.1    16.2    -1.0    -5.7    15.8     2.6    -4.6
    13.4     1.6    -1.8    15.7    -1.1    -0.4    18.6     1.4    -0.4    16.5
     4.1     1.3    15.3     1.8     4.1    18.4    -0.2     4.6    20.8     2.7
     4.7    18.8     5.8     5.9    16.5     4.2     8.4    18.5     1.1     9.1
    22.1     1.9     8.2
>>>> 7MC3A    5
   1 =    2   3   3   1   2   3
   2 -    4   5   2   1   3
   3 -    0   0   1   2
   4 -    0   0   1   1
   5 -    0   0   1   3
>>>> 7MC3A    5
   1 =    2   3  31   1   1  31
   2 -    4   5  21   2   1  11  22  31
   3 -    0   0  10   1  12  21
   4 -    0   0  11   1   1  11
   5 -    0   0  10   1  22  31
-dssp     "LLLLLEEELLLLEEELLHHHHHHHHHHHLLL
-sequence "TGEKPYLCDKCGRGFNRVDNLRSHVKTVHQG
-compnd   " MOLECULE: ISOFORM 2 OF ZINC FINGER AND BTB DOMAIN-CONTAININ          "
-acc    1  A  55   171      -3.500       0.600      -7.700
-acc    2  A  56    67      -2.300      -2.200     -10.000
-acc    3  A  57   126       1.400      -1.100      -9.600
-acc    4  A  58   160       2.900      -2.700      -6.500
-acc    5  A  59    54       4.500       0.200      -4.600
-acc    6  A  60    95       7.700      -0.400      -2.700
-acc    7  A  61   114       7.200       2.100       0.100
-acc    8  A  62     0       9.400       2.800       3.100
-acc    9  A  63   135       7.200       1.700       6.000
-acc   10  A  64   126       9.700       3.600       8.100
-acc   11  A  65    79       8.700       7.100       6.900
-acc   12  A  66    41       6.100       6.700       4.100
-acc   13  A  67   146       8.300       6.900       1.000
-acc   14  A  68    22       6.600       5.400      -2.100
-acc   15  A  69    30       8.900       4.100      -4.800
-acc   16  A  70    88       7.900       1.900      -7.800
-acc   17  A  71   142      11.500       0.600      -7.800
-acc   18  A  72    80      12.500      -1.800      -5.100
-acc   19  A  73   105      16.200      -1.000      -5.700
-acc   20  A  74    93      15.800       2.600      -4.600
-acc   21  A  75    25      13.400       1.600      -1.800
-acc   22  A  76   208      15.700      -1.100      -0.400
-acc   23  A  77    65      18.600       1.400      -0.400
-acc   24  A  78    28      16.500       4.100       1.300
-acc   25  A  79    45      15.300       1.800       4.100
-acc   26  A  80    80      18.400      -0.200       4.600
-acc   27  A  81    87      20.800       2.700       4.700
-acc   28  A  82   128      18.800       5.800       5.900
-acc   29  A  83    64      16.500       4.200       8.400
-acc   30  A  84   168      18.500       1.100       9.100
-acc   31  A  85    72      22.100       1.900       8.200
