>>>> 5XTBK   33    1    1    0  H
         1        10        21        10        21         0
   182.0   124.7   379.0   184.0   127.1   376.9   186.5   129.6   378.3   184.8
   132.1   376.2   181.1   132.6   375.5   180.8   136.4   375.9   178.3   139.1
   375.1   179.1   141.3   372.0   179.5   144.3   374.2   181.6   142.6   376.8
   185.2   143.8   376.0   184.8   147.5   376.4   182.8   147.0   379.6   185.5
   144.8   381.1   187.8   147.6   379.9   185.8   150.2   381.6   185.6   148.3
   384.9   189.4   148.5   385.2   189.5   152.2   384.3   189.6   153.0   388.1
   192.8   150.9   388.2   194.4   153.0   385.4   197.2   155.4   386.2   196.5
   158.7   384.5   197.4   159.1   380.9   200.1   161.6   379.9   198.9   164.9
   378.5   202.2   164.8   376.5   202.1   168.4   375.5   200.5   169.8   372.4
   196.9   168.5   372.1   194.9   170.7   369.8   195.6   170.3   366.0
>>>> 5XTBK    1
   1 =    0   0   1   1
>>>> 5XTBK    1
   1 =    0   0  33   1   1  33
-dssp     "LLLLLLLLLHHHHHHHHHHHHLLLLLLLLLLLL
-sequence "LQHHDYSTYTFLDLNLELSKFRMPQPSSGRESP
-compnd   " MOLECULE: NADH DEHYDROGENASE [UBIQUINONE] FLAVOPROTEIN 1,            "
-acc    1  K  74   173     182.000     124.700     379.000
-acc    2  K  75    20     184.000     127.100     376.900
-acc    3  K  76    31     186.500     129.600     378.300
-acc    4  K  77     2     184.800     132.100     376.200
-acc    5  K  78    95     181.100     132.600     375.500
-acc    6  K  79    58     180.800     136.400     375.900
-acc    7  K  80    68     178.300     139.100     375.100
-acc    8  K  81    70     179.100     141.300     372.000
-acc    9  K  82    99     179.500     144.300     374.200
-acc   10  K  83    18     181.600     142.600     376.800
-acc   11  K  84    15     185.200     143.800     376.000
-acc   12  K  85    16     184.800     147.500     376.400
-acc   13  K  86    51     182.800     147.000     379.600
-acc   14  K  87    16     185.500     144.800     381.100
-acc   15  K  88     8     187.800     147.600     379.900
-acc   16  K  89    36     185.800     150.200     381.600
-acc   17  K  90    91     185.600     148.300     384.900
-acc   18  K  91     0     189.400     148.500     385.200
-acc   19  K  92    22     189.500     152.200     384.300
-acc   20  K  93   170     189.600     153.000     388.100
-acc   21  K  94    53     192.800     150.900     388.200
-acc   22  K  95    23     194.400     153.000     385.400
-acc   23  K  96    59     197.200     155.400     386.200
-acc   24  K  97    97     196.500     158.700     384.500
-acc   25  K  98    33     197.400     159.100     380.900
-acc   26  K  99    18     200.100     161.600     379.900
-acc   27  K 100    78     198.900     164.900     378.500
-acc   28  K 101    33     202.200     164.800     376.500
-acc   29  K 102    34     202.100     168.400     375.500
-acc   30  K 103    88     200.500     169.800     372.400
-acc   31  K 104   124     196.900     168.500     372.100
-acc   32  K 105    85     194.900     170.700     369.800
-acc   33  K 106   117     195.600     170.300     366.000
