>>>> 7AR8u   30    1    1    0  H
         1         2        25         2        25         0
   219.6   254.5   221.9   219.3   253.1   218.3   217.3   256.2   217.3   220.0
   258.4   218.8   222.7   256.5   216.9   220.8   256.9   213.6   220.2   260.6
   214.2   223.9   261.0   215.0   224.8   259.2   211.8   222.5   261.4   209.8
   224.0   264.5   211.4   227.5   263.3   210.5   226.4   262.6   206.9   225.0
   266.1   206.7   228.2   267.6   208.1   230.3   265.6   205.6   228.1   266.9
   202.7   228.4   270.4   204.0   232.2   270.1   204.3   232.3   268.7   200.7
   230.3   271.7   199.5   232.5   274.2   201.4   235.7   272.6   200.0   234.6
   273.6   196.5   232.8   276.9   197.0   235.3   278.9   199.1   238.5   277.0
   198.8   240.3   275.7   195.7   238.1   278.0   193.6   237.2   281.6   193.1
>>>> 7AR8u    1
   1 =    0   0   1   1
>>>> 7AR8u    1
   1 =    0   0  30   1   1  30
-dssp     "LHHHHHHHHHHHHHHHHHHHHHHHHLLLLL
-sequence "XXXXXXXXXXXXXXXXXXXXXXXXXXXXXX
-compnd   " MOLECULE: NADH-UBIQUINONE OXIDOREDUCTASE CHAIN 3;                    "
-acc    1  u   1   121     219.600     254.500     221.900
-acc    2  u   2    69     219.300     253.100     218.300
-acc    3  u   3    82     217.300     256.200     217.300
-acc    4  u   4    63     220.000     258.400     218.800
-acc    5  u   5    41     222.700     256.500     216.900
-acc    6  u   6    63     220.800     256.900     213.600
-acc    7  u   7    62     220.200     260.600     214.200
-acc    8  u   8    29     223.900     261.000     215.000
-acc    9  u   9    26     224.800     259.200     211.800
-acc   10  u  10    63     222.500     261.400     209.800
-acc   11  u  11    62     224.000     264.500     211.400
-acc   12  u  12    16     227.500     263.300     210.500
-acc   13  u  13    32     226.400     262.600     206.900
-acc   14  u  14    61     225.000     266.100     206.700
-acc   15  u  15    62     228.200     267.600     208.100
-acc   16  u  16    29     230.300     265.600     205.600
-acc   17  u  17    60     228.100     266.900     202.700
-acc   18  u  18    61     228.400     270.400     204.000
-acc   19  u  19    62     232.200     270.100     204.300
-acc   20  u  20    32     232.300     268.700     200.700
-acc   21  u  21    65     230.300     271.700     199.500
-acc   22  u  22    58     232.500     274.200     201.400
-acc   23  u  23    31     235.700     272.600     200.000
-acc   24  u  24    29     234.600     273.600     196.500
-acc   25  u  25    76     232.800     276.900     197.000
-acc   26  u  26    88     235.300     278.900     199.100
-acc   27  u  27    56     238.500     277.000     198.800
-acc   28  u  28    42     240.300     275.700     195.700
-acc   29  u  29    46     238.100     278.000     193.600
-acc   30  u  30   100     237.200     281.600     193.100
