>>>> 7AR8v   30    1    1    0  H
         1         9        29         9        29         0
   295.5   210.4   245.5   296.6   210.4   241.9   293.7   211.6   239.8   291.4
   214.6   240.3   288.4   212.2   239.6   286.0   214.9   238.4   284.8   214.5
   234.8   283.5   218.0   234.7   286.2   220.3   236.1   289.0   218.9   234.0
   287.5   220.1   230.7   287.1   223.6   232.2   290.7   223.6   233.3   292.0
   222.5   229.9   289.8   225.1   228.3   291.3   227.7   230.6   294.9   226.7
   229.8   294.2   226.6   226.1   292.6   230.1   226.4   295.8   231.3   228.1
   297.9   229.8   225.4   295.7   231.4   222.7   296.0   234.7   224.4   299.8
   234.6   224.6   300.0   233.5   221.0   297.7   236.2   219.8   299.8   238.8
   221.6   303.0   237.2   220.1   301.9   236.1   216.6   300.2   239.5   216.0
>>>> 7AR8v    1
   1 =    0   0   1   1
>>>> 7AR8v    1
   1 =    0   0  30   1   1  30
-dssp     "LLLLLLLLHHHHHHHHHHHHHHHHHHHHHL
-sequence "PKVSEDKNRNYAVVAGVVAIVGSIGWYLKA
-compnd   " MOLECULE: NADH-UBIQUINONE OXIDOREDUCTASE CHAIN 3;                    "
-acc    1  v  74   130     295.500     210.400     245.500
-acc    2  v  75   145     296.600     210.400     241.900
-acc    3  v  76    24     293.700     211.600     239.800
-acc    4  v  77    12     291.400     214.600     240.300
-acc    5  v  78   168     288.400     212.200     239.600
-acc    6  v  79    43     286.000     214.900     238.400
-acc    7  v  80   178     284.800     214.500     234.800
-acc    8  v  81    55     283.500     218.000     234.700
-acc    9  v  82    40     286.200     220.300     236.100
-acc   10  v  83    11     289.000     218.900     234.000
-acc   11  v  84   126     287.500     220.100     230.700
-acc   12  v  85     4     287.100     223.600     232.200
-acc   13  v  86    35     290.700     223.600     233.300
-acc   14  v  87    56     292.000     222.500     229.900
-acc   15  v  88    12     289.800     225.100     228.300
-acc   16  v  89    18     291.300     227.700     230.600
-acc   17  v  90    82     294.900     226.700     229.800
-acc   18  v  91    58     294.200     226.600     226.100
-acc   19  v  92     1     292.600     230.100     226.400
-acc   20  v  93   122     295.800     231.300     228.100
-acc   21  v  94    88     297.900     229.800     225.400
-acc   22  v  95     1     295.700     231.400     222.700
-acc   23  v  96    67     296.000     234.700     224.400
-acc   24  v  97    98     299.800     234.600     224.600
-acc   25  v  98    12     300.000     233.500     221.000
-acc   26  v  99    63     297.700     236.200     219.800
-acc   27  v 100   183     299.800     238.800     221.600
-acc   28  v 101   109     303.000     237.200     220.100
-acc   29  v 102   140     301.900     236.100     216.600
-acc   30  v 103    88     300.200     239.500     216.000
