>>>> 7AR8b   39    2    2    0  HH
         1         4        11         3        12         1
         2        13        37        13        37         0
   272.7   209.7   223.1   270.7   206.6   222.1   269.3   206.3   225.6   267.8
   209.7   226.2   266.5   210.0   222.6   264.2   207.0   222.9   263.0   208.3
   226.3   262.2   211.7   224.8   260.4   210.1   221.8   258.4   207.7   224.0
   257.1   210.6   226.2   256.3   213.0   223.3   255.5   211.2   220.1   253.8
   214.2   218.6   256.7   216.6   219.2   259.2   214.0   217.9   257.1   213.4
   214.8   256.8   217.2   214.2   260.6   217.6   214.7   261.3   214.8   212.2
   258.9   216.3   209.6   260.3   219.8   210.0   263.8   218.4   209.9   263.0
   216.7   206.6   261.4   219.8   205.2   264.4   221.9   206.1   266.9   219.2
   205.0   265.5   218.9   201.5   266.3   222.4   200.3   269.5   222.6   202.3
   271.2   219.5   200.9   269.1   217.9   198.1   268.5   221.2   196.3   272.1
   222.3   196.0   273.2   218.9   194.7   270.1   218.4   192.5   270.6   221.9
   190.9   274.1   220.8   189.6   272.6   217.6   188.0
>>>> 7AR8b    3
   1 =    2   3   2   1   2
   2 -    0   0   1   1
   3 -    0   0   1   2
>>>> 7AR8b    3
   1 =    2   3  39   1   1  39
   2 -    0   0  13   1   1  13
   3 -    0   0  26   1  14  39
-dssp     "LLLHHHHHHHHLHHHHHHHHHHHHHHHHHHHHHHHHHLL
-sequence "VMEKLRMFVAQEPVVAASCLIGGVGLFLPAVVRPILDSL
-compnd   " MOLECULE: NADH-UBIQUINONE OXIDOREDUCTASE CHAIN 3;                    "
-acc    1  b   3   115     272.700     209.700     223.100
-acc    2  b   4   113     270.700     206.600     222.100
-acc    3  b   5   112     269.300     206.300     225.600
-acc    4  b   6   118     267.800     209.700     226.200
-acc    5  b   7    87     266.500     210.000     222.600
-acc    6  b   8    56     264.200     207.000     222.900
-acc    7  b   9    55     263.000     208.300     226.300
-acc    8  b  10    90     262.200     211.700     224.800
-acc    9  b  11    31     260.400     210.100     221.800
-acc   10  b  12    13     258.400     207.700     224.000
-acc   11  b  13   113     257.100     210.600     226.200
-acc   12  b  14    69     256.300     213.000     223.300
-acc   13  b  15    26     255.500     211.200     220.100
-acc   14  b  16    29     253.800     214.200     218.600
-acc   15  b  17    28     256.700     216.600     219.200
-acc   16  b  18    17     259.200     214.000     217.900
-acc   17  b  19    20     257.100     213.400     214.800
-acc   18  b  20    17     256.800     217.200     214.200
-acc   19  b  21    82     260.600     217.600     214.700
-acc   20  b  22   121     261.300     214.800     212.200
-acc   21  b  23    39     258.900     216.300     209.600
-acc   22  b  24    15     260.300     219.800     210.000
-acc   23  b  25    38     263.800     218.400     209.900
-acc   24  b  26    69     263.000     216.700     206.600
-acc   25  b  27     1     261.400     219.800     205.200
-acc   26  b  28    66     264.400     221.900     206.100
-acc   27  b  29   108     266.900     219.200     205.000
-acc   28  b  30    29     265.500     218.900     201.500
-acc   29  b  31     3     266.300     222.400     200.300
-acc   30  b  32    51     269.500     222.600     202.300
-acc   31  b  33    65     271.200     219.500     200.900
-acc   32  b  34    32     269.100     217.900     198.100
-acc   33  b  35    19     268.500     221.200     196.300
-acc   34  b  36    70     272.100     222.300     196.000
-acc   35  b  37   106     273.200     218.900     194.700
-acc   36  b  38    86     270.100     218.400     192.500
-acc   37  b  39    96     270.600     221.900     190.900
-acc   38  b  40    92     274.100     220.800     189.600
-acc   39  b  41   187     272.600     217.600     188.000
