>>>> 7ZM7e   38    2    2    0  HH
         1         3        15         3        15         0
         2        19        32        19        32         0
   255.5   253.9   156.3   252.7   256.4   155.3   252.4   258.3   152.0   251.5
   261.7   153.6   254.5   261.4   156.0   256.8   260.5   153.1   255.5   263.4
   150.9   256.0   265.9   153.7   259.5   264.8   154.4   260.6   264.8   150.7
   258.9   268.2   150.2   260.7   269.7   153.2   263.8   268.3   151.5   262.8
   270.3   148.4   262.6   273.3   150.8   266.3   273.1   151.1   268.5   272.7
   147.9   266.2   275.1   146.1   266.5   277.8   148.7   270.2   276.9   148.7
   271.0   277.3   145.1   268.6   280.2   144.7   270.5   282.0   147.4   273.8
   280.7   146.2   273.0   281.8   142.7   271.8   285.2   143.7   274.1   286.1
   146.7   276.9   283.7   146.2   279.3   286.1   144.3   278.9   288.7   147.1
   279.7   286.2   149.8   282.8   284.9   148.1   284.1   288.4   147.4   284.1
   288.1   143.6   281.8   291.2   143.2   281.0   294.0   145.6   277.2   294.5
   146.2   276.9   297.4   143.8
>>>> 7ZM7e    3
   1 =    2   3   2   1   2
   2 -    0   0   1   1
   3 -    0   0   1   2
>>>> 7ZM7e    3
   1 =    2   3  38   1   1  38
   2 -    0   0  10   1   1  10
   3 -    0   0  28   1  11  38
-dssp     "LLHHHHHHHHHHHHHLLLHHHHHHHHHHHHHHLLLLLL
-sequence "VSRVHRFLATGLGASMWFWIFYRAKKDGPVLLGWKHPW
-compnd   " MOLECULE: NADH-UBIQUINONE OXIDOREDUCTASE CHAIN 1;                    "
-acc    1  e   8   107     255.500     253.900     156.300
-acc    2  e   9    51     252.700     256.400     155.300
-acc    3  e  10   204     252.400     258.300     152.000
-acc    4  e  11    99     251.500     261.700     153.600
-acc    5  e  12    32     254.500     261.400     156.000
-acc    6  e  13   110     256.800     260.500     153.100
-acc    7  e  14   156     255.500     263.400     150.900
-acc    8  e  15    58     256.000     265.900     153.700
-acc    9  e  16     4     259.500     264.800     154.400
-acc   10  e  17    59     260.600     264.800     150.700
-acc   11  e  18    30     258.900     268.200     150.200
-acc   12  e  19    10     260.700     269.700     153.200
-acc   13  e  20     2     263.800     268.300     151.500
-acc   14  e  21    37     262.800     270.300     148.400
-acc   15  e  22    29     262.600     273.300     150.800
-acc   16  e  23     4     266.300     273.100     151.100
-acc   17  e  24    20     268.500     272.700     147.900
-acc   18  e  25    84     266.200     275.100     146.100
-acc   19  e  26    42     266.500     277.800     148.700
-acc   20  e  27    14     270.200     276.900     148.700
-acc   21  e  28    64     271.000     277.300     145.100
-acc   22  e  29    73     268.600     280.200     144.700
-acc   23  e  30     7     270.500     282.000     147.400
-acc   24  e  31    38     273.800     280.700     146.200
-acc   25  e  32   101     273.000     281.800     142.700
-acc   26  e  33   113     271.800     285.200     143.700
-acc   27  e  34    44     274.100     286.100     146.700
-acc   28  e  35    13     276.900     283.700     146.200
-acc   29  e  36    59     279.300     286.100     144.300
-acc   30  e  37    63     278.900     288.700     147.100
-acc   31  e  38    53     279.700     286.200     149.800
-acc   32  e  39    87     282.800     284.900     148.100
-acc   33  e  40    42     284.100     288.400     147.400
-acc   34  e  41   219     284.100     288.100     143.600
-acc   35  e  42   123     281.800     291.200     143.200
-acc   36  e  43    83     281.000     294.000     145.600
-acc   37  e  44    27     277.200     294.500     146.200
-acc   38  e  45    87     276.900     297.400     143.800
