>>>> 7ZM7o   32    1    1    0  H
         1        18        25        17        26         1
   268.3   182.2   377.0   265.6   180.9   379.4   265.5   177.1   379.4   263.0
   175.5   377.1   261.4   172.1   376.9   263.8   170.9   374.2   264.9   167.3
   374.0   268.5   167.0   375.3   269.5   163.4   374.3   268.5   161.9   370.9
   266.5   159.2   372.7   264.6   161.5   375.1   260.8   162.0   375.1   260.1
   165.6   375.8   256.3   165.3   375.7   254.2   162.2   376.3   252.7   160.4
   373.3   249.3   160.7   374.9   246.1   158.8   374.5   245.3   159.2   370.8
   248.7   158.0   369.6   248.6   155.2   372.2   245.3   153.8   370.8   246.8
   153.8   367.3   249.0   151.0   368.2   246.1   148.8   369.3   244.4   149.4
   365.9   244.3   146.3   363.7   241.9   145.9   360.8   241.9   142.1   361.1
   239.0   141.0   363.3   239.9   139.2   366.5
>>>> 7ZM7o    1
   1 =    0   0   1   1
>>>> 7ZM7o    1
   1 =    0   0  32   1   1  32
-dssp     "LLLLLLLLLLLLLLLLLHHHHHHHHLLLLLLL
-sequence "RPSFAIARSPNEQVFPAGAFYESILRWNPNPV
-compnd   " MOLECULE: NADH-UBIQUINONE OXIDOREDUCTASE CHAIN 1;                    "
-acc    1  o  26   134     268.300     182.200     377.000
-acc    2  o  27    55     265.600     180.900     379.400
-acc    3  o  28    70     265.500     177.100     379.400
-acc    4  o  29    52     263.000     175.500     377.100
-acc    5  o  30    12     261.400     172.100     376.900
-acc    6  o  31    39     263.800     170.900     374.200
-acc    7  o  32    16     264.900     167.300     374.000
-acc    8  o  33   208     268.500     167.000     375.300
-acc    9  o  34    76     269.500     163.400     374.300
-acc   10  o  35   106     268.500     161.900     370.900
-acc   11  o  36   115     266.500     159.200     372.700
-acc   12  o  37    77     264.600     161.500     375.100
-acc   13  o  38    76     260.800     162.000     375.100
-acc   14  o  39    26     260.100     165.600     375.800
-acc   15  o  40    27     256.300     165.300     375.700
-acc   16  o  41    97     254.200     162.200     376.300
-acc   17  o  42    30     252.700     160.400     373.300
-acc   18  o  43    27     249.300     160.700     374.900
-acc   19  o  44    45     246.100     158.800     374.500
-acc   20  o  45     5     245.300     159.200     370.800
-acc   21  o  46     4     248.700     158.000     369.600
-acc   22  o  47    96     248.600     155.200     372.200
-acc   23  o  48     3     245.300     153.800     370.800
-acc   24  o  49     0     246.800     153.800     367.300
-acc   25  o  50    75     249.000     151.000     368.200
-acc   26  o  51   113     246.100     148.800     369.300
-acc   27  o  52    11     244.400     149.400     365.900
-acc   28  o  53    80     244.300     146.300     363.700
-acc   29  o  54    30     241.900     145.900     360.800
-acc   30  o  55   122     241.900     142.100     361.100
-acc   31  o  56    88     239.000     141.000     363.300
-acc   32  o  57   156     239.900     139.200     366.500
