>>>> 2HPPL   30    1    1    0  H
         1        21        29        21        29         0
   136.4    22.7    15.3   139.9    23.9    14.4   141.9    21.4    12.3   140.4
    22.4     9.0   140.9    25.9    10.2   141.8    28.7     7.9   140.9    27.2
     4.5   137.9    29.0     3.0   135.7    26.6     1.2   134.7    28.9    -1.6
   138.4    29.8    -2.3   141.3    27.8    -1.0   139.1    24.7    -1.5   137.6
    25.6    -4.9   141.0    26.8    -5.5   139.8    30.4    -6.3   141.8    33.5
    -5.3   140.0    36.3    -3.5   140.3    39.4    -5.5   143.3    40.7    -3.3
   144.5    37.8    -1.3   147.4    38.3    -3.8   148.3    41.8    -2.6   149.3
    40.0     0.6   151.4    37.2    -0.7   153.5    39.3    -2.9   153.9    41.5
     0.1   156.3    38.8     1.5   158.3    37.6    -1.5   159.2    41.2    -2.0
>>>> 2HPPL    1
   1 =    0   0   1   1
>>>> 2HPPL    1
   1 =    0   0  30   1   1  30
-dssp     "LLLLLLLLLLLLLLLLLLLLHHHHHHHHHL
-sequence "GEADaGLRPLFEKKSLEDKTERELLESYID
-compnd   " MOLECULE: ALPHA-THROMBIN LIGHT CHAIN;                                "
-acc    1  L  1D    57     136.400      22.700      15.300
-acc    2  L  1C    79     139.900      23.900      14.400
-acc    3  L  1B    78     141.900      21.400      12.300
-acc    4  L  1A    65     140.400      22.400       9.000
-acc    5  L   1    13     140.900      25.900      10.200
-acc    6  L   2     0     141.800      28.700       7.900
-acc    7  L   3    29     140.900      27.200       4.500
-acc    8  L   4     0     137.900      29.000       3.000
-acc    9  L   5    22     135.700      26.600       1.200
-acc   10  L   6    30     134.700      28.900      -1.600
-acc   11  L   7    12     138.400      29.800      -2.300
-acc   12  L   8    29     141.300      27.800      -1.000
-acc   13  L   9    98     139.100      24.700      -1.500
-acc   14  L  10   123     137.600      25.600      -4.900
-acc   15  L  11   103     141.000      26.800      -5.500
-acc   16  L  12    81     139.800      30.400      -6.300
-acc   17  L  13   114     141.800      33.500      -5.300
-acc   18  L  14     3     140.000      36.300      -3.500
-acc   19  L 14A   183     140.300      39.400      -5.500
-acc   20  L 14B    36     143.300      40.700      -3.300
-acc   21  L 14C     4     144.500      37.800      -1.300
-acc   22  L 14D   131     147.400      38.300      -3.800
-acc   23  L 14E    60     148.300      41.800      -2.600
-acc   24  L 14F     0     149.300      40.000       0.600
-acc   25  L 14G    40     151.400      37.200      -0.700
-acc   26  L 14H    99     153.500      39.300      -2.900
-acc   27  L 14I    22     153.900      41.500       0.100
-acc   28  L 14J    24     156.300      38.800       1.500
-acc   29  L 14K   139     158.300      37.600      -1.500
-acc   30  L 14L   181     159.200      41.200      -2.000
