>>>> 5JPOE   32    2    2    0  HH
         1         2        11         2        11         0
         2        17        29        17        29         0
     6.0     0.5    24.3     8.1     2.9    26.3    10.6     0.2    27.3    11.4
    -1.1    23.8    11.5     2.5    22.7    14.1     3.4    25.3    16.1     0.3
    24.7    16.3     0.9    21.0    17.1     4.6    21.5    19.9     3.6    23.7
    21.5     0.9    21.6    21.2     2.7    18.2    21.9    -0.5    16.3    22.7
     0.3    12.6    20.4    -2.4    11.3    20.8    -1.1     7.7    24.6    -1.3
     7.8    24.7    -4.2     5.4    22.8    -2.1     2.8    25.2     0.8     3.1
    28.3    -1.4     3.0    27.0    -3.2    -0.0    26.2    -0.0    -2.0    29.6
     1.4    -1.0    31.5    -1.7    -2.1    29.6    -1.7    -5.5    30.3     2.0
    -5.9    34.1     1.7    -5.6    34.3    -1.6    -7.5    32.7     0.1   -10.6
    35.4     2.8   -10.9    37.3     0.3   -13.1
>>>> 5JPOE    3
   1 =    2   3   2   1   2
   2 -    0   0   1   1
   3 -    0   0   1   2
>>>> 5JPOE    3
   1 =    2   3  32   1   1  32
   2 -    0   0  12   1   1  12
   3 -    0   0  20   1  13  32
-dssp     "LHHHHHHHHHHLLLLLHHHHHHHHHHHHHLLL
-sequence "GAMATNFLAHEKIWFDKFKYDDAERRFYEQMN
-compnd   " MOLECULE: ELONGATION FACTOR 1-GAMMA;                                 "
-acc    1  E  -1    88       6.000       0.500      24.300
-acc    2  E   0    86       8.100       2.900      26.300
-acc    3  E   1    75      10.600       0.200      27.300
-acc    4  E   2    13      11.400      -1.100      23.800
-acc    5  E   3    93      11.500       2.500      22.700
-acc    6  E   4    27      14.100       3.400      25.300
-acc    7  E   5     0      16.100       0.300      24.700
-acc    8  E   6    13      16.300       0.900      21.000
-acc    9  E   7    45      17.100       4.600      21.500
-acc   10  E   8    14      19.900       3.600      23.700
-acc   11  E   9    15      21.500       0.900      21.600
-acc   12  E  10    43      21.200       2.700      18.200
-acc   13  E  11    11      21.900      -0.500      16.300
-acc   14  E  12    28      22.700       0.300      12.600
-acc   15  E  13    13      20.400      -2.400      11.300
-acc   16  E  14    25      20.800      -1.100       7.700
-acc   17  E  15    29      24.600      -1.300       7.800
-acc   18  E  16    45      24.700      -4.200       5.400
-acc   19  E  17    95      22.800      -2.100       2.800
-acc   20  E  18    22      25.200       0.800       3.100
-acc   21  E  19    45      28.300      -1.400       3.000
-acc   22  E  20    62      27.000      -3.200      -0.000
-acc   23  E  21    19      26.200      -0.000      -2.000
-acc   24  E  22    11      29.600       1.400      -1.000
-acc   25  E  23    74      31.500      -1.700      -2.100
-acc   26  E  24   130      29.600      -1.700      -5.500
-acc   27  E  25    54      30.300       2.000      -5.900
-acc   28  E  26    23      34.100       1.700      -5.600
-acc   29  E  27    50      34.300      -1.600      -7.500
-acc   30  E  28   154      32.700       0.100     -10.600
-acc   31  E  29   123      35.400       2.800     -10.900
-acc   32  E  30   104      37.300       0.300     -13.100
