>>>> 2YPAD   30    4    0    4  EEEE
         1         1         6         1         6         0
         2         7        12         7        12         0
         3        18        23        18        23         0
         4        24        29        24        29         0
    47.8     4.2    53.2    47.6     7.7    54.7    49.2    10.3    52.4    49.6
    14.1    52.1    48.6    15.7    48.8    51.6    17.1    47.0    52.3    19.8
    44.3    51.0    19.2    40.8    54.0    18.0    38.8    54.5    18.0    35.0
    54.6    14.6    33.3    57.6    15.6    31.1    59.7    16.8    34.0    63.1
    18.4    33.5    63.3    16.6    30.2    64.4    18.7    27.2    66.8    20.7
    29.3    69.5    20.4    26.6    67.5    22.1    23.8    66.5    25.0    26.1
    67.5    28.4    24.7    67.6    31.8    26.4    65.3    34.7    25.4    66.2
    38.3    26.2    64.2    41.5    26.2    65.7    45.0    26.1    64.8    48.6
    25.1    66.3    50.7    22.3    65.2    54.4    22.4    66.9    55.0    19.0
>>>> 2YPAD    3
   1 =    2   3   4   1   2   3   4
   2 -    0   0   2   1   2
   3 -    0   0   2   3   4
>>>> 2YPAD    3
   1 =    2   3  30   1   1  30
   2 -    0   0  13   1   1  13
   3 -    0   0  17   1  14  30
-dssp     "LEEELLLLEELLLLLLLLLEELLEEEELLL
-sequence "DVMVVGEPTLMGGEFGDEDERLITRLENTQ
-compnd   " MOLECULE: T-CELL ACUTE LYMPHOCYTIC LEUKEMIA PROTEIN 1;               "
-acc    1  D 300   123      47.800       4.200      53.200
-acc    2  D 301    97      47.600       7.700      54.700
-acc    3  D 302    33      49.200      10.300      52.400
-acc    4  D 303   107      49.600      14.100      52.100
-acc    5  D 304    10      48.600      15.700      48.800
-acc    6  D 305    30      51.600      17.100      47.000
-acc    7  D 306   144      52.300      19.800      44.300
-acc    8  D 307    49      51.000      19.200      40.800
-acc    9  D 308    50      54.000      18.000      38.800
-acc   10  D 309    36      54.500      18.000      35.000
-acc   11  D 310    27      54.600      14.600      33.300
-acc   12  D 311    16      57.600      15.600      31.100
-acc   13  D 312    23      59.700      16.800      34.000
-acc   14  D 313   169      63.100      18.400      33.500
-acc   15  D 314    81      63.300      16.600      30.200
-acc   16  D 315     6      64.400      18.700      27.200
-acc   17  D 316    88      66.800      20.700      29.300
-acc   18  D 317   156      69.500      20.400      26.600
-acc   19  D 318    28      67.500      22.100      23.800
-acc   20  D 319    75      66.500      25.000      26.100
-acc   21  D 320    94      67.500      28.400      24.700
-acc   22  D 321   149      67.600      31.800      26.400
-acc   23  D 322    46      65.300      34.700      25.400
-acc   24  D 323    77      66.200      38.300      26.200
-acc   25  D 324   132      64.200      41.500      26.200
-acc   26  D 325    73      65.700      45.000      26.100
-acc   27  D 326   103      64.800      48.600      25.100
-acc   28  D 327    61      66.300      50.700      22.300
-acc   29  D 328   103      65.200      54.400      22.400
-acc   30  D 329   215      66.900      55.000      19.000
