>>>> 5K0UD   39    0    0    0
   260.2   252.8   358.6   263.3   252.3   356.5   263.2   249.8   353.7   261.1
   247.0   352.0   254.2   235.5   348.4   255.8   238.5   350.0   258.1   239.7
   352.8   258.9   243.0   354.4   262.1   243.9   356.2   261.3   247.1   358.1
   263.6   249.1   360.4   261.5   251.1   362.9   264.3   253.2   364.4   266.0
   254.0   361.0   269.5   252.9   362.2   271.4   249.9   361.0   272.6   249.2
   364.6   269.0   249.3   365.9   268.0   246.3   363.7   267.6   242.8   365.1
   269.7   239.8   364.2   271.2   239.6   360.8   269.7   236.4   359.3   271.0
   236.8   355.7   273.9   234.4   355.5   276.2   233.7   352.5   279.9   233.8
   353.5   281.3   230.4   354.7   283.8   227.6   354.1   285.5   225.2   356.5
   288.6   225.2   354.4   290.3   228.2   356.1   290.6   225.4   358.7   290.7
   221.6   358.2   292.6   222.3   354.9   294.8   225.3   355.5   297.5   224.3
   352.9   299.4   225.8   350.1   299.0   222.8   347.9
>>>> 5K0UD    1
   1 =    0   0   0
>>>> 5K0UD    1
   1 =    0   0  39   1   1  39
-dssp     "LLLLLLLLLLLLLLLLLLLLLLLLLLLLLHHHLLLLLLL
-sequence "GAQVIKYFNINYYKDSASSGLSRQDFSQDPSKFTQPLVD
-compnd   " MOLECULE: CAPSID PROTEIN VP1;                                        "
-acc    1  D   1    70     260.200     252.800     358.600
-acc    2  D   2    62     263.300     252.300     356.500
-acc    3  D   3   129     263.200     249.800     353.700
-acc    4  D   4   116     261.100     247.000     352.000
-acc    5  D  24   219     254.200     235.500     348.400
-acc    6  D  25   182     255.800     238.500     350.000
-acc    7  D  26   163     258.100     239.700     352.800
-acc    8  D  27   126     258.900     243.000     354.400
-acc    9  D  28    71     262.100     243.900     356.200
-acc   10  D  29    66     261.300     247.100     358.100
-acc   11  D  30    16     263.600     249.100     360.400
-acc   12  D  31   152     261.500     251.100     362.900
-acc   13  D  32   107     264.300     253.200     364.400
-acc   14  D  33   154     266.000     254.000     361.000
-acc   15  D  34    50     269.500     252.900     362.200
-acc   16  D  35   100     271.400     249.900     361.000
-acc   17  D  36    13     272.600     249.200     364.600
-acc   18  D  37     0     269.000     249.300     365.900
-acc   19  D  38    29     268.000     246.300     363.700
-acc   20  D  39     9     267.600     242.800     365.100
-acc   21  D  40    21     269.700     239.800     364.200
-acc   22  D  41    51     271.200     239.600     360.800
-acc   23  D  42   163     269.700     236.400     359.300
-acc   24  D  43   142     271.000     236.800     355.700
-acc   25  D  44    89     273.900     234.400     355.500
-acc   26  D  45   155     276.200     233.700     352.500
-acc   27  D  46    89     279.900     233.800     353.500
-acc   28  D  47   107     281.300     230.400     354.700
-acc   29  D  48    99     283.800     227.600     354.100
-acc   30  D  49    17     285.500     225.200     356.500
-acc   31  D  50    49     288.600     225.200     354.400
-acc   32  D  51    49     290.300     228.200     356.100
-acc   33  D  52     8     290.600     225.400     358.700
-acc   34  D  53    18     290.700     221.600     358.200
-acc   35  D  54    54     292.600     222.300     354.900
-acc   36  D  55    12     294.800     225.300     355.500
-acc   37  D  56    30     297.500     224.300     352.900
-acc   38  D  57    49     299.400     225.800     350.100
-acc   39  D  58   151     299.000     222.800     347.900
