>>>> 6CX1D   34    0    0    0
   334.3   404.8   267.9   334.9   408.4   267.0   332.8   409.3   264.0   332.5
   406.7   261.2   329.9   405.1   259.0   332.0   402.1   258.5   329.7   399.5
   260.0   330.1   397.3   256.8   333.8   397.1   256.1   337.1   398.9   255.8
   339.2   398.5   252.6   342.7   397.9   254.0   343.7   395.6   256.8   344.0
   397.4   260.1   347.8   397.0   260.3   347.9   399.2   257.2   345.4   401.6
   258.6   347.0   402.6   261.9   350.0   401.5   264.0   349.6   398.8   266.6
   351.9   398.3   269.6   354.7   396.0   270.8   354.8   393.0   273.1   356.3
   393.7   276.5   355.8   390.0   277.5   330.3   402.9   283.3   333.4   405.0
   283.8   336.1   405.4   286.5   337.1   408.3   288.8   340.5   410.0   289.0
   342.3   409.2   292.2   340.9   408.2   295.6   341.7   409.4   299.1   342.8
   406.3   301.1
>>>> 6CX1D    1
   1 =    0   0   0
>>>> 6CX1D    1
   1 =    0   0  34   1   1  34
-dssp     "LLLLLLLLLLLLLHHHHLLLLLLLLLLLLLLLLL
-sequence "RGNNGNMTFNYYANTYQNSVDFSTSILNPLGYLK
-compnd   " MOLECULE: ANTHRAX TOXIN RECEPTOR 1;                                  "
-acc    1  D  14   241     334.300     404.800     267.900
-acc    2  D  15    20     334.900     408.400     267.000
-acc    3  D  16    20     332.800     409.300     264.000
-acc    4  D  17    72     332.500     406.700     261.200
-acc    5  D  18    48     329.900     405.100     259.000
-acc    6  D  19    52     332.000     402.100     258.500
-acc    7  D  20   180     329.700     399.500     260.000
-acc    8  D  21   121     330.100     397.300     256.800
-acc    9  D  22   145     333.800     397.100     256.100
-acc   10  D  23    92     337.100     398.900     255.800
-acc   11  D  24   182     339.200     398.500     252.600
-acc   12  D  25    92     342.700     397.900     254.000
-acc   13  D  26    61     343.700     395.600     256.800
-acc   14  D  27   116     344.000     397.400     260.100
-acc   15  D  28    42     347.800     397.000     260.300
-acc   16  D  29   118     347.900     399.200     257.200
-acc   17  D  30    37     345.400     401.600     258.600
-acc   18  D  31    49     347.000     402.600     261.900
-acc   19  D  32    23     350.000     401.500     264.000
-acc   20  D  33    68     349.600     398.800     266.600
-acc   21  D  34    79     351.900     398.300     269.600
-acc   22  D  35   138     354.700     396.000     270.800
-acc   23  D  36    96     354.800     393.000     273.100
-acc   24  D  37    91     356.300     393.700     276.500
-acc   25  D  38   147     355.800     390.000     277.500
-acc   26  D  64   212     330.300     402.900     283.300
-acc   27  D  65    88     333.400     405.000     283.800
-acc   28  D  66   124     336.100     405.400     286.500
-acc   29  D  67    71     337.100     408.300     288.800
-acc   30  D  68    53     340.500     410.000     289.000
-acc   31  D  69     8     342.300     409.200     292.200
-acc   32  D  70   128     340.900     408.200     295.600
-acc   33  D  71    61     341.700     409.400     299.100
-acc   34  D  72   157     342.800     406.300     301.100
