>>>> 7EBZD   36    1    0    1  E
         1        18        23        18        23         0
   233.7   275.8   384.1   236.1   278.1   386.1   234.0   281.2   386.3   235.8
   284.0   388.1   234.5   287.5   387.9   236.7   288.7   390.8   239.8   290.8
   390.1   242.1   289.3   392.7   243.8   286.1   391.6   243.8   284.3   395.0
   240.0   284.4   395.0   239.8   281.9   392.2   238.5   278.4   392.9   241.0
   275.7   393.8   242.8   273.9   390.9   243.2   270.2   391.3   245.3   269.2
   388.3   248.9   269.2   389.5   249.7   265.5   388.8   253.4   265.9   389.0
   255.1   263.6   391.5   258.7   262.9   392.3   258.4   259.9   394.7   262.2
   259.3   394.1   263.1   262.0   396.6   261.3   260.1   399.4   261.9   256.6
   398.2   265.5   256.9   396.9   267.0   259.8   398.8   270.6   258.7   398.1
   273.5   259.6   395.9   273.1   256.5   393.8   272.3   243.4   391.6   273.8
   243.7   395.1   273.8   247.3   396.3   276.6   246.6   398.8
>>>> 7EBZD    1
   1 =    0   0   1   1
>>>> 7EBZD    1
   1 =    0   0  36   1   1  36
-dssp     "LLLLLLLLHHHLLLLLLLLEELLHHHHLLLLLLLLL
-sequence "NQINFYKDSYAASASKQDFSQDPSKFTEPVVEAPVL
-compnd   " MOLECULE: CAPSID PROTEIN VP1;                                        "
-acc    1  D  27   180     233.700     275.800     384.100
-acc    2  D  28   153     236.100     278.100     386.100
-acc    3  D  29   121     234.000     281.200     386.300
-acc    4  D  30    57     235.800     284.000     388.100
-acc    5  D  31   188     234.500     287.500     387.900
-acc    6  D  32   103     236.700     288.700     390.800
-acc    7  D  33   207     239.800     290.800     390.100
-acc    8  D  34    28     242.100     289.300     392.700
-acc    9  D  35   104     243.800     286.100     391.600
-acc   10  D  36    13     243.800     284.300     395.000
-acc   11  D  37     0     240.000     284.400     395.000
-acc   12  D  38    25     239.800     281.900     392.200
-acc   13  D  39    27     238.500     278.400     392.900
-acc   14  D  40    11     241.000     275.700     393.800
-acc   15  D  41    69     242.800     273.900     390.900
-acc   16  D  42    69     243.200     270.200     391.300
-acc   17  D  43   136     245.300     269.200     388.300
-acc   18  D  44    77     248.900     269.200     389.500
-acc   19  D  45    14     249.700     265.500     388.800
-acc   20  D  46    20     253.400     265.900     389.000
-acc   21  D  47    10     255.100     263.600     391.500
-acc   22  D  48    24     258.700     262.900     392.300
-acc   23  D  49    31     258.400     259.900     394.700
-acc   24  D  50    35     262.200     259.300     394.100
-acc   25  D  51    28     263.100     262.000     396.600
-acc   26  D  52    12     261.300     260.100     399.400
-acc   27  D  53    21     261.900     256.600     398.200
-acc   28  D  54    74     265.500     256.900     396.900
-acc   29  D  55    11     267.000     259.800     398.800
-acc   30  D  56    21     270.600     258.700     398.100
-acc   31  D  57    60     273.500     259.600     395.900
-acc   32  D  58   168     273.100     256.500     393.800
-acc   33  D  64    88     272.300     243.400     391.600
-acc   34  D  65    64     273.800     243.700     395.100
-acc   35  D  66    50     273.800     247.300     396.300
-acc   36  D  67    19     276.600     246.600     398.800
