>>>> 7OPXD   32    1    0    1  E
         1        17        22        17        22         0
    46.9    99.4    12.0    50.5    98.6    11.1    53.8    98.0    12.9    57.4
    97.4    11.8    58.8    97.1    15.4    58.6    94.5    18.2    57.0    96.8
    20.7    53.2    97.1    20.6    53.3   100.7    21.6    55.3   101.7    18.6
    52.3   100.8    16.4    50.2   103.2    14.4    47.0   104.8    15.6    44.0
   102.6    16.6    41.1   104.4    15.1    38.6   101.6    14.8    36.8   102.2
    18.2    33.3   103.3    17.3    31.7   102.5    20.7    29.5   105.1    22.4
    27.8   105.1    25.8    26.6   108.7    26.4    24.3   107.3    29.1    27.3
   107.5    31.4    26.9   111.3    31.2    23.3   111.9    29.8    21.4   109.4
    32.0    23.6   108.8    35.1    20.5   108.0    37.2    19.9   104.9    39.2
    16.2   104.6    38.3    15.2   104.9    34.7
>>>> 7OPXD    1
   1 =    0   0   1   1
>>>> 7OPXD    1
   1 =    0   0  32   1   1  32
-dssp     "LLLLLLLHHHLLLLLLLLEELLHHHHLLLLLL
-sequence "QINFYKDSYAASASKQDFSQDPSKFTEPVAEA
-compnd   " MOLECULE: CAPSID PROTEIN VP1;                                        "
-acc    1  D  28   143      46.900      99.400      12.000
-acc    2  D  29    86      50.500      98.600      11.100
-acc    3  D  30    50      53.800      98.000      12.900
-acc    4  D  31   167      57.400      97.400      11.800
-acc    5  D  32    90      58.800      97.100      15.400
-acc    6  D  33   189      58.600      94.500      18.200
-acc    7  D  34    20      57.000      96.800      20.700
-acc    8  D  35    96      53.200      97.100      20.600
-acc    9  D  36    11      53.300     100.700      21.600
-acc   10  D  37     0      55.300     101.700      18.600
-acc   11  D  38     0      52.300     100.800      16.400
-acc   12  D  39     5      50.200     103.200      14.400
-acc   13  D  40     8      47.000     104.800      15.600
-acc   14  D  41    33      44.000     102.600      16.600
-acc   15  D  42    77      41.100     104.400      15.100
-acc   16  D  43   126      38.600     101.600      14.800
-acc   17  D  44    76      36.800     102.200      18.200
-acc   18  D  45    44      33.300     103.300      17.300
-acc   19  D  46    33      31.700     102.500      20.700
-acc   20  D  47     6      29.500     105.100      22.400
-acc   21  D  48    47      27.800     105.100      25.800
-acc   22  D  49     4      26.600     108.700      26.400
-acc   23  D  50    50      24.300     107.300      29.100
-acc   24  D  51    36      27.300     107.500      31.400
-acc   25  D  52     6      26.900     111.300      31.200
-acc   26  D  53    10      23.300     111.900      29.800
-acc   27  D  54    91      21.400     109.400      32.000
-acc   28  D  55    10      23.600     108.800      35.100
-acc   29  D  56    26      20.500     108.000      37.200
-acc   30  D  57    36      19.900     104.900      39.200
-acc   31  D  58   112      16.200     104.600      38.300
-acc   32  D  59   143      15.200     104.900      34.700
