>>>> 1XU1T   39    2    1    1  EH
         1         6        11         6        11         0
         2        28        36        28        36         0
    -6.1    -6.1    51.0    -7.3    -4.5    54.2    -6.5    -0.9    55.1    -6.6
    -2.2    58.8    -3.4    -4.2    58.0    -1.7    -1.2    56.5    -2.2    -2.4
    52.9    -3.7    -0.7    49.8    -4.4    -1.7    46.3    -2.1     0.2    43.9
    -3.9     0.8    40.6    -0.7     1.5    38.7     1.1    -1.7    39.9    -2.1
    -3.8    40.0    -0.9    -5.3    43.3    -1.3    -5.0    47.0     1.4    -2.9
    48.7     2.3    -2.6    52.4     2.5     0.9    53.7     5.2    -0.2    56.2
     7.5    -0.8    53.2     7.3     2.8    51.8     6.8     5.5    54.5     8.6
     8.6    53.3     7.9     7.7    49.7     4.3     7.0    50.2     1.2     8.0
    48.1    -2.0     9.5    49.6    -3.4     6.0    50.4    -0.7     5.5    53.1
    -0.8     9.0    54.6    -2.8     8.1    57.7    -0.8     5.0    58.4     2.6
     6.7    58.0     1.5     9.6    60.2     0.1     7.4    63.0     2.2     4.1
    63.0     4.1     5.1    66.2     1.2     6.7    68.0
>>>> 1XU1T    3
   1 =    2   3   2   1   2
   2 -    0   0   1   1
   3 -    0   0   1   2
>>>> 1XU1T    3
   1 =    2   3  39   1   1  39
   2 -    0   0  18   1   1  18
   3 -    0   0  21   1  19  39
-dssp     "LLHHHLEEEELLLLEEEEHHHLLLLLLHHHHHHHHHLLL
-sequence "jRKEQGKFYDHLLRDjISkASIlGQHPKQkAYFlENKLR
-compnd   " MOLECULE: TUMOR NECROSIS FACTOR LIGAND SUPERFAMILY MEMBER 1          "
-acc    1  T  71    90      -6.100      -6.100      51.000
-acc    2  T  72    42      -7.300      -4.500      54.200
-acc    3  T  73   115      -6.500      -0.900      55.100
-acc    4  T  74   193      -6.600      -2.200      58.800
-acc    5  T  75    61      -3.400      -4.200      58.000
-acc    6  T  76     4      -1.700      -1.200      56.500
-acc    7  T  77    98      -2.200      -2.400      52.900
-acc    8  T  78     7      -3.700      -0.700      49.800
-acc    9  T  79   100      -4.400      -1.700      46.300
-acc   10  T  80     0      -2.100       0.200      43.900
-acc   11  T  81   110      -3.900       0.800      40.600
-acc   12  T  82     0      -0.700       1.500      38.700
-acc   13  T  83    10       1.100      -1.700      39.900
-acc   14  T  84    87      -2.100      -3.800      40.000
-acc   15  T  85    63      -0.900      -5.300      43.300
-acc   16  T  86    50      -1.300      -5.000      47.000
-acc   17  T  87     0       1.400      -2.900      48.700
-acc   18  T  88    34       2.300      -2.600      52.400
-acc   19  T  89     0       2.500       0.900      53.700
-acc   20  T  90    70       5.200      -0.200      56.200
-acc   21  T  91    35       7.500      -0.800      53.200
-acc   22  T  92     0       7.300       2.800      51.800
-acc   23  T  93    39       6.800       5.500      54.500
-acc   24  T  94    57       8.600       8.600      53.300
-acc   25  T  95    12       7.900       7.700      49.700
-acc   26  T  96    63       4.300       7.000      50.200
-acc   27  T  97     8       1.200       8.000      48.100
-acc   28  T  98   100      -2.000       9.500      49.600
-acc   29  T  99    26      -3.400       6.000      50.400
-acc   30  T 100     0      -0.700       5.500      53.100
-acc   31  T 101    44      -0.800       9.000      54.600
-acc   32  T 102   178      -2.800       8.100      57.700
-acc   33  T 103    63      -0.800       5.000      58.400
-acc   34  T 104    11       2.600       6.700      58.000
-acc   35  T 105   131       1.500       9.600      60.200
-acc   36  T 106    39       0.100       7.400      63.000
-acc   37  T 107   110       2.200       4.100      63.000
-acc   38  T 108   168       4.100       5.100      66.200
-acc   39  T 109   226       1.200       6.700      68.000
