>>>> 1XU1S   36    2    1    1  EH
         1         6        11         6        11         0
         2        28        35        27        36         1
    20.8    30.0    40.0    23.7    31.2    42.1    27.0    29.4    41.6    28.3
    31.1    44.8    25.6    29.3    46.8    26.9    25.9    45.7    24.4    25.4
    42.8    24.7    24.6    39.1    22.2    24.7    36.3    21.6    21.1    35.1
    21.0    21.2    31.3    19.5    17.7    31.4    17.1    18.4    34.2    16.4
    22.1    33.3    16.6    22.9    37.0    18.9    24.4    39.6    20.7    21.6
    41.6    22.5    22.0    44.9    26.0    20.3    44.7    25.7    19.3    48.4
    22.7    17.1    47.7    24.6    14.9    45.2    28.2    14.7    46.4    29.5
    11.2    45.5    27.3    11.0    42.4    28.1    14.5    41.2    28.9    15.6
    37.7    32.0    17.7    36.8    30.3    21.1    37.6    30.4    20.1    41.2
    34.0    18.7    41.3    35.5    21.6    43.2    32.6    21.9    45.7    32.4
    18.2    46.4    36.2    17.4    46.5    37.0    20.3    48.8
>>>> 1XU1S    3
   1 =    2   3   2   1   2
   2 -    0   0   1   1
   3 -    0   0   1   2
>>>> 1XU1S    3
   1 =    2   3  36   1   1  36
   2 -    0   0  18   1   1  18
   3 -    0   0  18   1  19  36
-dssp     "LLHHHLEEEELLLLEEEEHHHHLLLLLHHHHHHHHL
-sequence "gRKEQGKFYDHLLRDgIShASIiGQHPKQhAYFiEN
-compnd   " MOLECULE: TUMOR NECROSIS FACTOR LIGAND SUPERFAMILY MEMBER 1          "
-acc    1  S  71    95      20.800      30.000      40.000
-acc    2  S  72   141      23.700      31.200      42.100
-acc    3  S  73   178      27.000      29.400      41.600
-acc    4  S  74   153      28.300      31.100      44.800
-acc    5  S  75   111      25.600      29.300      46.800
-acc    6  S  76    10      26.900      25.900      45.700
-acc    7  S  77    58      24.400      25.400      42.800
-acc    8  S  78     8      24.700      24.600      39.100
-acc    9  S  79   100      22.200      24.700      36.300
-acc   10  S  80     0      21.600      21.100      35.100
-acc   11  S  81   109      21.000      21.200      31.300
-acc   12  S  82     0      19.500      17.700      31.400
-acc   13  S  83     8      17.100      18.400      34.200
-acc   14  S  84    79      16.400      22.100      33.300
-acc   15  S  85    67      16.600      22.900      37.000
-acc   16  S  86    34      18.900      24.400      39.600
-acc   17  S  87     0      20.700      21.600      41.600
-acc   18  S  88    34      22.500      22.000      44.900
-acc   19  S  89     6      26.000      20.300      44.700
-acc   20  S  90    64      25.700      19.300      48.400
-acc   21  S  91    38      22.700      17.100      47.700
-acc   22  S  92     0      24.600      14.900      45.200
-acc   23  S  93    54      28.200      14.700      46.400
-acc   24  S  94    59      29.500      11.200      45.500
-acc   25  S  95    14      27.300      11.000      42.400
-acc   26  S  96    52      28.100      14.500      41.200
-acc   27  S  97     8      28.900      15.600      37.700
-acc   28  S  98    93      32.000      17.700      36.800
-acc   29  S  99    52      30.300      21.100      37.600
-acc   30  S 100     0      30.400      20.100      41.200
-acc   31  S 101    27      34.000      18.700      41.300
-acc   32  S 102   176      35.500      21.600      43.200
-acc   33  S 103    99      32.600      21.900      45.700
-acc   34  S 104    31      32.400      18.200      46.400
-acc   35  S 105   153      36.200      17.400      46.500
-acc   36  S 106   139      37.000      20.300      48.800
