>>>> 5KY4B   36    3    0    3  EEE
         1        10        15        10        15         0
         2        18        23        18        23         0
         3        25        30        25        30         0
    17.8    47.1     7.1    18.3    48.1    10.7    16.3    51.2     9.8    13.4
    49.8     7.6    10.4    47.5     8.0     9.2    44.6     5.9     5.6    43.6
     6.8     3.8    40.3     7.3     6.9    38.2     7.9     9.0    39.5     5.1
    12.8    39.5     5.3    14.8    42.7     4.7    17.9    42.3     2.4    20.4
    45.2     2.2    21.7    46.5    -1.1    24.1    49.2    -2.3    21.8    52.2
    -1.6    18.5    50.5    -0.9    16.9    47.5     0.7    14.6    44.8    -0.7
    11.9    42.9     1.2    11.5    39.2     0.4     8.0    38.2     1.1     6.5
    34.9     2.4     3.9    33.1     0.3     0.8    35.1    -0.3     2.3    38.6
     0.1     3.8    41.1    -2.4     4.7    44.8    -2.7     7.9    46.5    -2.0
     7.2    46.0     1.7     5.1    42.8     1.6     2.2    45.0     2.5    -0.3
    43.5    -0.1    -2.0    40.2    -0.1    -1.4    38.4    -3.4
>>>> 5KY4B    3
   1 =    2   3   3   1   2   3
   2 -    0   0   2   1   2
   3 -    0   0   1   3
>>>> 5KY4B    3
   1 =    2   3  36   1   1  36
   2 -    0   0  22   1   1  22
   3 -    0   0  14   1  23  36
-dssp     "LLLLLLLLLLEEEELLLLEEEELLLLEELLLLLEEL
-sequence "eTESSfFNGGTeVDGINSFTfLgPPGFTGSYgQYDV
-compnd   " MOLECULE: GDP-FUCOSE PROTEIN O-FUCOSYLTRANSFERASE 1;                 "
-acc    1  B 969    34      17.800      47.100       7.100
-acc    2  B 970    58      18.300      48.100      10.700
-acc    3  B 971    22      16.300      51.200       9.800
-acc    4  B 972    49      13.400      49.800       7.600
-acc    5  B 973    40      10.400      47.500       8.000
-acc    6  B 974     2       9.200      44.600       5.900
-acc    7  B 975    35       5.600      43.600       6.800
-acc    8  B 976    23       3.800      40.300       7.300
-acc    9  B 977     3       6.900      38.200       7.900
-acc   10  B 978     0       9.000      39.500       5.100
-acc   11  B 979    14      12.800      39.500       5.300
-acc   12  B 980     7      14.800      42.700       4.700
-acc   13  B 981    20      17.900      42.300       2.400
-acc   14  B 982    85      20.400      45.200       2.200
-acc   15  B 983    50      21.700      46.500      -1.100
-acc   16  B 984   117      24.100      49.200      -2.300
-acc   17  B 985   105      21.800      52.200      -1.600
-acc   18  B 986    79      18.500      50.500      -0.900
-acc   19  B 987    55      16.900      47.500       0.700
-acc   20  B 988    69      14.600      44.800      -0.700
-acc   21  B 989     6      11.900      42.900       1.200
-acc   22  B 990    27      11.500      39.200       0.400
-acc   23  B 991    19       8.000      38.200       1.100
-acc   24  B 992     3       6.500      34.900       2.400
-acc   25  B 993    36       3.900      33.100       0.300
-acc   26  B 994    23       0.800      35.100      -0.300
-acc   27  B 995    24       2.300      38.600       0.100
-acc   28  B 996    90       3.800      41.100      -2.400
-acc   29  B 997    23       4.700      44.800      -2.700
-acc   30  B 998    71       7.900      46.500      -2.000
-acc   31  B 999    95       7.200      46.000       1.700
-acc   32  B1000     0       5.100      42.800       1.600
-acc   33  B1001    65       2.200      45.000       2.500
-acc   34  B1002   130      -0.300      43.500      -0.100
-acc   35  B1003   118      -2.000      40.200      -0.100
-acc   36  B1004   152      -1.400      38.400      -3.400
