>>>> 6EF3s   38    0    0    0
   149.8   204.0   201.9   149.4   201.3   199.2   148.5   197.7   199.6   148.0
   196.6   196.0   150.4   194.3   194.2   151.5   194.5   190.5   152.5   191.0
   189.3   154.4   192.0   186.2   153.9   188.9   184.0   154.9   187.9   180.5
   151.3   188.2   179.1   152.8   189.6   175.9   154.3   187.5   173.2   157.6
   188.4   171.5   160.0   187.1   168.9   163.4   187.5   167.5   164.0   187.2
   163.8   167.3   186.4   162.3   166.3   183.4   160.3   169.6   183.5   158.4
   170.2   180.7   156.0   172.7   179.4   153.6   171.9   177.6   150.4   169.6
   179.4   148.0   169.8   176.8   145.2   166.9   178.6   143.3   167.4   178.3
   139.6   170.6   177.8   137.6   170.0   177.8   133.8   173.1   176.3   132.1
   171.0   176.2   128.9   170.1   179.8   128.3   169.6   179.0   124.6   170.7
   175.2   124.8   174.0   176.3   123.1   173.4   175.4   119.4   170.4   173.3
   120.4   172.0   170.2   119.0
>>>> 6EF3s    1
   1 =    0   0   0
>>>> 6EF3s    1
   1 =    0   0  38   1   1  38
-dssp     "LLLLLLLLLLLLLLLLLLLLLLLLLLLLLLLLLLLLLL
-sequence "GGKHTFNNENVSARLGGASIAVQAPAQPPPYSHHHHHH
-compnd   " MOLECULE: PROTEASOME SUBUNIT BETA TYPE-1;                            "
-acc    1  s 106    59     149.800     204.000     201.900
-acc    2  s 107    49     149.400     201.300     199.200
-acc    3  s 108    36     148.500     197.700     199.600
-acc    4  s 109    54     148.000     196.600     196.000
-acc    5  s 110    96     150.400     194.300     194.200
-acc    6  s 111    72     151.500     194.500     190.500
-acc    7  s 112    90     152.500     191.000     189.300
-acc    8  s 113    60     154.400     192.000     186.200
-acc    9  s 114    76     153.900     188.900     184.000
-acc   10  s 115   141     154.900     187.900     180.500
-acc   11  s 116    35     151.300     188.200     179.100
-acc   12  s 117    31     152.800     189.600     175.900
-acc   13  s 118     2     154.300     187.500     173.200
-acc   14  s 119   102     157.600     188.400     171.500
-acc   15  s 120    22     160.000     187.100     168.900
-acc   16  s 121    21     163.400     187.500     167.500
-acc   17  s 122     9     164.000     187.200     163.800
-acc   18  s 123     2     167.300     186.400     162.300
-acc   19  s 124    18     166.300     183.400     160.300
-acc   20  s 125     9     169.600     183.500     158.400
-acc   21  s 126    23     170.200     180.700     156.000
-acc   22  s 127    22     172.700     179.400     153.600
-acc   23  s 128    90     171.900     177.600     150.400
-acc   24  s 129    93     169.600     179.400     148.000
-acc   25  s 130   109     169.800     176.800     145.200
-acc   26  s 131   102     166.900     178.600     143.300
-acc   27  s 132    82     167.400     178.300     139.600
-acc   28  s 133    91     170.600     177.800     137.600
-acc   29  s 134   103     170.000     177.800     133.800
-acc   30  s 135    66     173.100     176.300     132.100
-acc   31  s 136    20     171.000     176.200     128.900
-acc   32  s 137    82     170.100     179.800     128.300
-acc   33  s 138    92     169.600     179.000     124.600
-acc   34  s 139    37     170.700     175.200     124.800
-acc   35  s 140    97     174.000     176.300     123.100
-acc   36  s 141   155     173.400     175.400     119.400
-acc   37  s 142    24     170.400     173.300     120.400
-acc   38  s 143   102     172.000     170.200     119.000
